7 0.476600 0.426061 0.031863 0.184642
19 0.448822 0.426878 0.023693 0.178106
0 0.422678 0.431372 0.031863 0.177289
12 0.403478 0.434640 0.034314 0.172387
24 0.381827 0.440767 0.033497 0.150328
8 0.348330 0.440359 0.044935 0.170753
20 0.311565 0.448529 0.043301 0.147877
28 0.278885 0.425244 0.036765 0.117648
4 0.503561 0.426061 0.033497 0.173204
16 0.522760 0.432597 0.027778 0.138890
1 0.547679 0.433414 0.033497 0.140524
15 0.572189 0.430146 0.035131 0.153596
25 0.595882 0.428921 0.036765 0.141341
9 0.628153 0.433823 0.045752 0.146243
21 0.672271 0.442810 0.044118 0.167485
6 0.501518 0.611929 0.013072 0.159315
17 0.515816 0.601308 0.020425 0.131537
2 0.537466 0.640933 0.024510 0.178106
13 0.558708 0.634805 0.022876 0.164217
26 0.580359 0.633580 0.031863 0.178106
10 0.615898 0.631129 0.065360 0.189544
5 0.487221 0.614380 0.015523 0.160949
18 0.468430 0.616014 0.018791 0.162583
3 0.448005 0.631946 0.022059 0.194446
14 0.427171 0.633988 0.024510 0.183825
27 0.404703 0.639707 0.030229 0.177289
11 0.368347 0.634805 0.053922 0.178923
31 0.291957 0.579658 0.054739 0.111112