7 0.484093 0.397812 0.027712 0.208706
19 0.458979 0.406905 0.029444 0.183592
0 0.433433 0.390884 0.032042 0.212170
12 0.414381 0.411668 0.033774 0.179262
24 0.387102 0.410802 0.029444 0.163674
8 0.352462 0.413400 0.045032 0.141158
20 0.310894 0.410802 0.046764 0.158478
28 0.279285 0.345419 0.054558 0.147220
4 0.514403 0.398245 0.029444 0.209572
16 0.542115 0.399544 0.029444 0.189654
1 0.566796 0.412101 0.028578 0.195716
15 0.587580 0.415998 0.030310 0.191386
25 0.613127 0.419029 0.029444 0.181860
9 0.647767 0.423792 0.045032 0.175798
21 0.686737 0.420761 0.038104 0.155880
29 0.724408 0.409936 0.044166 0.165406
6 0.504444 0.593528 0.018186 0.153282
17 0.524795 0.593528 0.020784 0.165406
2 0.546012 0.619508 0.019918 0.220830
13 0.566796 0.612147 0.026846 0.173200
26 0.589745 0.613446 0.029444 0.177530
10 0.623519 0.612580 0.046764 0.186190
22 0.673314 0.589631 0.051094 0.171468
30 0.719212 0.574476 0.058022 0.155014
5 0.491454 0.590930 0.019918 0.146354
18 0.469804 0.585734 0.023382 0.155014
3 0.449454 0.608683 0.024248 0.193984
14 0.427804 0.601755 0.025980 0.192252
27 0.400525 0.600889 0.033774 0.176664
11 0.362854 0.594394 0.050228 0.212170
23 0.316090 0.577507 0.058888 0.169736
31 0.254171 0.566249 0.085734 0.142024