7 0.481297 0.343954 0.039147 0.191387
19 0.452480 0.352654 0.033710 0.173988
0 0.423120 0.358091 0.033710 0.187038
12 0.398652 0.367334 0.043497 0.177251
24 0.370379 0.366790 0.039147 0.182688
8 0.334494 0.387995 0.052197 0.181600
20 0.299696 0.397238 0.047847 0.169639
28 0.261093 0.405937 0.040235 0.152240
4 0.518813 0.346673 0.029361 0.188125
16 0.544911 0.352110 0.025011 0.179426
1 0.574272 0.355372 0.035885 0.179426
15 0.600370 0.362984 0.040235 0.183775
25 0.629187 0.373315 0.034798 0.184863
9 0.662354 0.382558 0.044585 0.181600
21 0.704220 0.393976 0.043497 0.167464
29 0.734668 0.405937 0.047847 0.163114
17 0.532406 0.542410 0.026098 0.159852
2 0.556329 0.558721 0.026098 0.177251
13 0.584059 0.551109 0.029361 0.183775
26 0.610701 0.556003 0.032623 0.176163
10 0.648217 0.564702 0.046759 0.173988
22 0.699870 0.581013 0.054371 0.184863
30 0.741736 0.570139 0.059809 0.150065
6 0.510114 0.545672 0.027186 0.170726
5 0.492171 0.542410 0.021749 0.162027
18 0.472597 0.541322 0.026098 0.170726
3 0.445955 0.551109 0.033710 0.172901
14 0.420945 0.564702 0.031535 0.182688
27 0.391584 0.571227 0.031535 0.187038
11 0.355155 0.572314 0.052197 0.176163
23 0.306221 0.582645 0.060896 0.188125