7 0.492862 0.468406 0.033700 0.187456
19 0.458635 0.473145 0.028434 0.180084
0 0.426515 0.480517 0.040019 0.196934
12 0.404926 0.476305 0.043178 0.196934
24 0.373332 0.483150 0.043178 0.193775
8 0.333840 0.494208 0.063187 0.163234
20 0.290135 0.497367 0.047391 0.150597
28 0.265387 0.461034 0.054762 0.128481
4 0.519190 0.462614 0.037912 0.184297
16 0.545518 0.469986 0.035806 0.175872
1 0.582904 0.467353 0.043178 0.195881
15 0.603439 0.481044 0.037912 0.185350
25 0.634507 0.488416 0.041072 0.183243
9 0.667680 0.487889 0.061081 0.175872
21 0.705592 0.505266 0.065294 0.128481
29 0.741399 0.442078 0.065294 0.101100
6 0.510238 0.648490 0.024222 0.145331
17 0.524455 0.656389 0.027381 0.173765
2 0.546044 0.675345 0.024222 0.188509
13 0.569213 0.682717 0.036859 0.205359
26 0.598700 0.692722 0.041072 0.214837
10 0.643985 0.689036 0.060028 0.209571
22 0.688216 0.663234 0.064241 0.168500
30 0.740872 0.633747 0.070559 0.124269
5 0.493388 0.650597 0.022116 0.155862
18 0.472326 0.667973 0.028434 0.182190
3 0.451790 0.672186 0.031594 0.173765
14 0.421776 0.682190 0.041072 0.202200
27 0.391762 0.690615 0.035806 0.206412
11 0.353323 0.682717 0.047391 0.207465
23 0.302773 0.670079 0.053709 0.175872
31 0.255909 0.637433 0.067400 0.131640