7 0.481974 0.446817 0.036859 0.203253
19 0.451433 0.443131 0.024222 0.204306
0 0.427212 0.442078 0.026328 0.210625
12 0.397724 0.445764 0.034753 0.199040
24 0.365604 0.445238 0.031594 0.189562
8 0.334010 0.472619 0.050550 0.172712
20 0.298731 0.486309 0.036859 0.164287
4 0.517254 0.446291 0.031594 0.208518
16 0.547268 0.447344 0.026328 0.204306
1 0.569383 0.456295 0.028434 0.199040
15 0.590972 0.477358 0.029487 0.163234
25 0.618353 0.474198 0.029487 0.165340
9 0.655739 0.489995 0.047391 0.177978
21 0.698917 0.493681 0.047391 0.170606
6 0.513041 0.650070 0.021062 0.131640
17 0.535683 0.657968 0.017903 0.153756
2 0.558325 0.672712 0.018956 0.179031
13 0.581494 0.690615 0.025275 0.181137
26 0.606769 0.704306 0.023169 0.202200
10 0.643102 0.703253 0.053709 0.193775
22 0.691546 0.702726 0.047391 0.184297
30 0.758945 0.711678 0.074772 0.117950
5 0.491979 0.649017 0.021062 0.127428
18 0.467230 0.653229 0.020009 0.146384
3 0.448801 0.689036 0.021062 0.207465
14 0.424579 0.687982 0.029487 0.211678
27 0.396671 0.680611 0.036859 0.199040
11 0.358759 0.683243 0.051603 0.191668
23 0.315054 0.690615 0.042125 0.181137
31 0.257659 0.692722 0.066347 0.120056