7 0.477272 0.448565 0.045454 0.211722
19 0.446172 0.456340 0.035885 0.215311
0 0.416267 0.454546 0.038277 0.214115
12 0.387559 0.445574 0.040670 0.193780
24 0.359449 0.441388 0.037081 0.194976
8 0.320574 0.436005 0.055024 0.191387
20 0.273325 0.431818 0.046651 0.178229
28 0.232057 0.418062 0.057416 0.157895
4 0.519138 0.453947 0.040670 0.200957
16 0.556219 0.458134 0.028708 0.192583
1 0.584329 0.428828 0.027512 0.236842
15 0.605262 0.412680 0.038277 0.235646
25 0.635765 0.431818 0.037081 0.190191
9 0.672248 0.423445 0.047847 0.178229
21 0.716506 0.409091 0.045454 0.178229
29 0.760166 0.404306 0.051435 0.183014
6 0.510167 0.628588 0.027512 0.105263
17 0.532894 0.619617 0.032297 0.120813
2 0.568181 0.647129 0.055024 0.178229
13 0.597487 0.638158 0.049043 0.172249
26 0.626195 0.644737 0.049043 0.173445
10 0.662080 0.628588 0.070574 0.196172
22 0.712918 0.615430 0.076555 0.196172
30 0.766745 0.566986 0.081340 0.125598
5 0.487440 0.631579 0.025120 0.106459
18 0.463516 0.635765 0.027512 0.129186
3 0.427631 0.673445 0.039474 0.197368
14 0.400119 0.653110 0.037081 0.187799
27 0.377990 0.648923 0.045454 0.191387
11 0.332535 0.646531 0.069378 0.208134
23 0.281100 0.627990 0.074163 0.202153
31 0.219497 0.594497 0.094497 0.147129