7 0.491452 0.467353 0.030541 0.200093
19 0.463018 0.460508 0.024222 0.192722
0 0.439323 0.455242 0.025275 0.194828
12 0.416154 0.453136 0.037912 0.182190
24 0.387720 0.458928 0.037912 0.174818
8 0.354546 0.463141 0.049497 0.149543
20 0.314527 0.453136 0.034753 0.167447
28 0.280301 0.438392 0.042125 0.152703
4 0.522519 0.465774 0.029487 0.203253
16 0.551480 0.470513 0.028434 0.166393
1 0.579388 0.483150 0.021062 0.193775
15 0.597818 0.502633 0.026328 0.173765
25 0.625725 0.507898 0.027381 0.150597
9 0.658899 0.508952 0.034753 0.152703
21 0.696811 0.498420 0.034753 0.150597
29 0.727878 0.491048 0.044231 0.116897
6 0.514621 0.671659 0.022116 0.160075
17 0.537790 0.676925 0.015797 0.168500
2 0.556219 0.689562 0.016850 0.191668
13 0.578335 0.683243 0.021062 0.170606
10 0.613614 0.663234 0.045284 0.098994
22 0.655739 0.690615 0.043178 0.166393
30 0.693652 0.669026 0.049497 0.140065
5 0.497771 0.645331 0.020009 0.115844
18 0.477235 0.655336 0.012637 0.133747
3 0.457226 0.652176 0.025275 0.177978
14 0.437216 0.638486 0.021062 0.161128
27 0.416680 0.650070 0.020009 0.188509
23 0.338223 0.637959 0.050550 0.160075
31 0.291885 0.626375 0.052656 0.151650