7 0.482655 0.535287 0.034689 0.162679
19 0.457535 0.532895 0.034689 0.160287
0 0.428827 0.537081 0.029904 0.161483
12 0.401913 0.529306 0.031100 0.160287
24 0.380980 0.529306 0.029904 0.150718
8 0.350478 0.521531 0.045454 0.173445
20 0.313397 0.520933 0.045454 0.148325
28 0.275717 0.506579 0.044258 0.126794
4 0.512559 0.531100 0.029904 0.168660
16 0.538875 0.528110 0.027512 0.165072
1 0.566985 0.533493 0.023923 0.151914
15 0.588516 0.529904 0.028708 0.159091
25 0.614234 0.532297 0.029904 0.154306
9 0.641746 0.528110 0.049043 0.165072
21 0.679425 0.520933 0.043062 0.150718
29 0.717104 0.501794 0.058612 0.141148
6 0.505980 0.702153 0.021531 0.147129
17 0.526315 0.698564 0.019139 0.159091
2 0.545454 0.719497 0.026316 0.186603
13 0.570573 0.708134 0.028708 0.178229
26 0.595095 0.708732 0.049043 0.162679
10 0.633372 0.700359 0.068182 0.160287
22 0.679425 0.693780 0.071770 0.159091
30 0.724281 0.657296 0.070574 0.143540
5 0.487440 0.703349 0.022727 0.154306
18 0.467105 0.702751 0.022727 0.167464
3 0.447368 0.710526 0.023923 0.173445
14 0.421052 0.709928 0.028708 0.181818
27 0.397129 0.707536 0.043062 0.165072
11 0.358851 0.691985 0.062201 0.160287
23 0.312799 0.683014 0.065789 0.161483
31 0.270933 0.651316 0.053828 0.138756