7 0.480753 0.417899 0.038060 0.221835
19 0.445955 0.420074 0.031535 0.210961
0 0.415508 0.422793 0.033710 0.198999
12 0.390497 0.409743 0.033710 0.183775
24 0.361136 0.404306 0.035885 0.175076
8 0.318331 0.400154 0.056349 0.171023
20 0.272857 0.400649 0.058326 0.128514
4 0.513079 0.414983 0.040531 0.224406
16 0.544219 0.409546 0.035589 0.209577
1 0.577831 0.409546 0.033611 0.213531
15 0.606994 0.408557 0.036577 0.195737
25 0.634179 0.407074 0.031634 0.182886
9 0.672734 0.413994 0.055360 0.163114
21 0.707828 0.396200 0.050417 0.151251
6 0.511102 0.602811 0.022737 0.115663
17 0.529885 0.604294 0.026691 0.144331
2 0.554599 0.617640 0.030646 0.186840
13 0.586234 0.613686 0.032623 0.165091
26 0.614902 0.614180 0.036577 0.185851
10 0.655434 0.596880 0.050417 0.188817
22 0.704368 0.570683 0.069200 0.158171
30 0.757751 0.500989 0.057337 0.163114
5 0.486882 0.601329 0.025703 0.126537
18 0.466122 0.599351 0.019771 0.128514
3 0.440914 0.611214 0.028669 0.152240
14 0.413234 0.610226 0.036577 0.168057
27 0.385554 0.595397 0.040531 0.162126
11 0.347494 0.583040 0.061291 0.178931
23 0.296088 0.560303 0.077109 0.159160
31 0.252097 0.514829 0.068211 0.147297