7 0.481330 0.490733 0.031278 0.162181
19 0.447735 0.499421 0.026644 0.154072
0 0.426883 0.490153 0.026644 0.170290
12 0.404294 0.509267 0.032436 0.157547
24 0.375333 0.524327 0.037070 0.157547
8 0.341738 0.531278 0.041704 0.192300
20 0.308723 0.552130 0.042862 0.155230
28 0.276287 0.523748 0.038228 0.112368
4 0.513766 0.487257 0.028961 0.162181
16 0.546202 0.487836 0.028961 0.165656
1 0.571688 0.492470 0.028961 0.158706
15 0.591960 0.502896 0.025486 0.156389
25 0.617446 0.515639 0.023169 0.165656
9 0.653358 0.523169 0.030119 0.169132
21 0.691586 0.542862 0.037070 0.169132
29 0.717651 0.472777 0.056763 0.121636
6 0.510870 0.683612 0.023169 0.181874
17 0.536356 0.687087 0.018535 0.200409
2 0.553732 0.687667 0.023169 0.187667
13 0.580376 0.695776 0.023169 0.194617
26 0.609337 0.698672 0.025486 0.174924
10 0.642352 0.711994 0.042862 0.183033
22 0.689848 0.711414 0.042862 0.167973
30 0.733290 0.720682 0.060239 0.126269
5 0.491756 0.680716 0.015060 0.185350
18 0.476696 0.683033 0.026644 0.180716
3 0.446577 0.680137 0.026644 0.167973
14 0.420512 0.689404 0.023169 0.156389
27 0.395606 0.709677 0.024327 0.183033
11 0.362590 0.720103 0.041704 0.171448
23 0.315094 0.722420 0.057922 0.162181
31 0.276866 0.737711 0.069506 0.144109