7 0.477609 0.439076 0.042647 0.165366
19 0.444536 0.453001 0.030462 0.165366
0 0.418861 0.455177 0.027851 0.171459
12 0.395796 0.448649 0.030462 0.170589
24 0.366204 0.448214 0.028722 0.173200
8 0.337918 0.465186 0.046999 0.153182
20 0.295271 0.441687 0.045258 0.177551
28 0.261327 0.433418 0.048740 0.161015
4 0.515469 0.429502 0.034814 0.187996
16 0.549848 0.432983 0.028722 0.182773
1 0.579875 0.439076 0.031333 0.187996
15 0.607291 0.461705 0.032203 0.165366
25 0.631226 0.465186 0.033073 0.168848
21 0.704335 0.438640 0.055702 0.152311
29 0.739584 0.430372 0.060054 0.134034
6 0.504155 0.620108 0.027851 0.146219
17 0.526784 0.627506 0.031333 0.140126
2 0.558987 0.630117 0.034814 0.155793
13 0.578135 0.610534 0.041777 0.153182
26 0.608597 0.606183 0.048740 0.177551
10 0.656466 0.602266 0.060924 0.155793
22 0.702595 0.586600 0.081813 0.166237
30 0.751769 0.554832 0.089646 0.144478
5 0.481091 0.610099 0.033944 0.140126
18 0.460202 0.607488 0.026981 0.138386
3 0.433221 0.611405 0.025240 0.160144
14 0.407111 0.616192 0.023499 0.161015
27 0.379260 0.614886 0.028722 0.165366
11 0.339224 0.614886 0.047869 0.167107
23 0.296577 0.607923 0.058313 0.160144
31 0.253929 0.572674 0.067017 0.141867