7 0.487850 0.511868 0.034023 0.188312
19 0.467278 0.521363 0.030858 0.164575
0 0.439585 0.517011 0.034023 0.170114
12 0.419409 0.530067 0.041144 0.167740
24 0.395277 0.530858 0.045100 0.162993
8 0.366397 0.549056 0.056968 0.161410
20 0.326044 0.550243 0.045891 0.166949
28 0.301912 0.567650 0.040353 0.151124
4 0.515543 0.517011 0.034023 0.176444
16 0.545214 0.523737 0.022154 0.156663
1 0.564599 0.529275 0.021363 0.151916
15 0.591105 0.540748 0.031649 0.143212
25 0.608908 0.538375 0.024528 0.141630
9 0.638183 0.536001 0.045100 0.174861
21 0.677349 0.543517 0.050639 0.166158
29 0.708602 0.545891 0.043517 0.142421
6 0.514356 0.706906 0.022154 0.178026
17 0.525829 0.706115 0.022946 0.173279
2 0.546401 0.719565 0.019781 0.203345
13 0.564995 0.710466 0.031649 0.181982
26 0.588732 0.714027 0.036396 0.195433
10 0.626315 0.714818 0.065672 0.192268
30 0.699108 0.689894 0.075167 0.136091
5 0.497740 0.701763 0.023737 0.170905
18 0.478751 0.702950 0.020572 0.173279
3 0.458970 0.689894 0.025319 0.155080
14 0.441959 0.693059 0.034023 0.148751
27 0.420596 0.709280 0.034023 0.174861
11 0.388155 0.718379 0.053012 0.167740
31 0.319714 0.714818 0.074375 0.149542