7 0.490342 0.427326 0.026981 0.188866
19 0.468584 0.435594 0.028722 0.146219
0 0.445084 0.427326 0.030462 0.178422
12 0.425066 0.425150 0.026981 0.177551
24 0.403307 0.430372 0.037425 0.174070
20 0.333244 0.432548 0.045258 0.176681
28 0.300171 0.426020 0.046999 0.167107
4 0.513842 0.433853 0.028722 0.174070
16 0.537776 0.430807 0.029592 0.166237
1 0.561276 0.435594 0.022629 0.187996
15 0.576507 0.439076 0.030462 0.149700
25 0.606099 0.448214 0.037425 0.143608
9 0.632645 0.452566 0.057443 0.176681
21 0.665283 0.445168 0.060054 0.186255
29 0.701837 0.441251 0.042647 0.159274
6 0.511666 0.629682 0.017407 0.168848
17 0.528203 0.631423 0.024370 0.172329
2 0.547786 0.641432 0.030462 0.195829
13 0.570850 0.638386 0.026110 0.186255
26 0.594349 0.639691 0.029592 0.187125
22 0.662672 0.650135 0.067017 0.206273
30 0.707930 0.617932 0.067017 0.176681
5 0.496000 0.631423 0.020888 0.172329
18 0.481639 0.622719 0.033944 0.167107
3 0.458575 0.637950 0.024370 0.197569
14 0.441168 0.632293 0.029592 0.210625
27 0.412446 0.630552 0.027851 0.187996
11 0.381114 0.630117 0.043517 0.169718
23 0.334550 0.628377 0.068758 0.195829
31 0.284940 0.590081 0.075720 0.162755