7 0.483818 0.453043 0.039543 0.195737
19 0.456632 0.452054 0.040531 0.191783
0 0.425492 0.450571 0.037566 0.180908
12 0.394846 0.442169 0.039543 0.170034
24 0.366672 0.442169 0.040531 0.158171
8 0.332072 0.436731 0.050417 0.167068
20 0.295495 0.431294 0.038554 0.146308
28 0.264355 0.415971 0.043497 0.127526
4 0.515452 0.456997 0.035589 0.201668
16 0.542638 0.448594 0.036577 0.200680
1 0.572295 0.439203 0.036577 0.199691
15 0.600469 0.436237 0.031634 0.183874
25 0.627655 0.429811 0.034600 0.192771
9 0.663243 0.425363 0.044486 0.179920
21 0.695866 0.413006 0.038554 0.163114
29 0.731949 0.400154 0.051406 0.163114
6 0.513969 0.630491 0.022737 0.115663
17 0.530281 0.623571 0.025703 0.113686
2 0.558455 0.656194 0.032623 0.194748
13 0.582675 0.643343 0.033611 0.182886
26 0.611838 0.639883 0.042509 0.191783
10 0.648909 0.612697 0.055360 0.153228
22 0.694383 0.580569 0.061291 0.146308
30 0.737880 0.565246 0.049429 0.129503
5 0.495681 0.630491 0.023726 0.129503
18 0.471955 0.611214 0.025703 0.098857
3 0.448229 0.634940 0.027680 0.156194
14 0.425492 0.636423 0.033611 0.174977
27 0.396329 0.631480 0.042509 0.190794
11 0.357281 0.611709 0.057337 0.173000
23 0.306369 0.599846 0.062280 0.167068
31 0.263861 0.578591 0.056349 0.148286