7 0.485133 0.504212 0.026328 0.197987
19 0.465651 0.501580 0.016850 0.194828
0 0.441429 0.501580 0.027381 0.192722
12 0.414574 0.518430 0.026328 0.169553
24 0.387720 0.515270 0.037912 0.169553
8 0.353493 0.520009 0.055816 0.157968
20 0.311895 0.528434 0.054762 0.153756
28 0.276615 0.531067 0.043178 0.154809
4 0.512515 0.502106 0.028434 0.204306
16 0.540422 0.501053 0.023169 0.191668
1 0.566750 0.500527 0.025275 0.207465
15 0.583600 0.504212 0.027381 0.189562
25 0.614668 0.508952 0.041072 0.190615
9 0.651000 0.504739 0.050550 0.188509
21 0.687860 0.515797 0.052656 0.164287
6 0.513568 0.699567 0.017903 0.152703
17 0.534104 0.705886 0.018956 0.169553
2 0.546741 0.723262 0.018956 0.206412
13 0.572016 0.724315 0.025275 0.195881
26 0.596764 0.721682 0.036859 0.201146
10 0.629938 0.704306 0.058975 0.179031
22 0.682594 0.691142 0.073719 0.167447
5 0.495138 0.702726 0.021062 0.163234
18 0.476708 0.708518 0.022116 0.170606
3 0.454593 0.709571 0.020009 0.172712
14 0.434583 0.709571 0.026328 0.176925
27 0.408782 0.703253 0.029487 0.183243
11 0.373502 0.703253 0.055816 0.183243
23 0.324532 0.700093 0.061081 0.170606
31 0.275035 0.692722 0.065294 0.172712