7 0.497436 0.501915 0.023935 0.181903
19 0.469193 0.492341 0.028722 0.160841
0 0.443344 0.497607 0.021062 0.156054
12 0.423717 0.499521 0.037338 0.152224
24 0.400261 0.494734 0.047869 0.152224
8 0.366753 0.505266 0.042125 0.159883
20 0.330372 0.519626 0.030636 0.159883
28 0.292555 0.513403 0.048827 0.137863
4 0.524243 0.500479 0.023935 0.175201
16 0.550092 0.499521 0.023935 0.161798
1 0.569718 0.500479 0.019148 0.177116
15 0.590302 0.508138 0.020105 0.154139
25 0.618545 0.520105 0.028722 0.162755
9 0.653968 0.532551 0.032551 0.166585
21 0.687477 0.525371 0.032551 0.150309
29 0.716677 0.520105 0.033508 0.137863
6 0.508924 0.695306 0.018190 0.164670
17 0.529508 0.703923 0.021062 0.170414
2 0.550092 0.709667 0.016276 0.193392
13 0.570676 0.702966 0.024892 0.185733
26 0.599876 0.712061 0.027764 0.188605
30 0.718113 0.659405 0.078506 0.140736
5 0.489777 0.692913 0.020105 0.165628
18 0.472065 0.690041 0.022977 0.173287
3 0.452917 0.694349 0.017233 0.178074
14 0.430419 0.692434 0.023935 0.189562
27 0.403133 0.695306 0.030636 0.189562
11 0.369146 0.692434 0.056486 0.178074