7 0.486187 0.497894 0.036859 0.181137
19 0.462491 0.515270 0.025275 0.165340
0 0.439849 0.502106 0.030541 0.202200
12 0.414048 0.505792 0.025275 0.207465
24 0.392985 0.510531 0.035806 0.195881
8 0.360338 0.501053 0.056869 0.183243
20 0.322952 0.502633 0.055816 0.161128
28 0.281354 0.486836 0.052656 0.133747
4 0.511461 0.501580 0.034753 0.182190
16 0.535683 0.494208 0.038966 0.173765
1 0.560432 0.502106 0.025275 0.174818
15 0.582021 0.502633 0.036859 0.171659
25 0.602030 0.500527 0.043178 0.167447
9 0.644155 0.506319 0.047391 0.145331
21 0.686806 0.486836 0.054762 0.150597
29 0.719980 0.486309 0.057922 0.117950
6 0.513041 0.689036 0.018956 0.142172
17 0.534630 0.686929 0.022116 0.159022
2 0.560432 0.697461 0.029487 0.180084
13 0.574122 0.695881 0.027381 0.164287
26 0.602557 0.693775 0.040019 0.174818
10 0.645208 0.687982 0.064241 0.165340
22 0.699970 0.655336 0.068453 0.161128
30 0.763684 0.607419 0.094781 0.107419
5 0.490926 0.688509 0.023169 0.141118
18 0.465124 0.686403 0.024222 0.147437
3 0.440902 0.697461 0.020009 0.150597
14 0.420893 0.702726 0.026328 0.150597
27 0.395618 0.696407 0.030541 0.173765
11 0.356652 0.695881 0.060028 0.185350
23 0.307156 0.676398 0.053709 0.175872
31 0.259765 0.625848 0.066347 0.148490