7 0.484015 0.419530 0.027186 0.214223
19 0.457373 0.405937 0.032623 0.219660
0 0.437256 0.399957 0.031535 0.212048
12 0.417139 0.390170 0.028273 0.203349
24 0.393759 0.384733 0.038060 0.194650
8 0.370379 0.373315 0.054371 0.176163
20 0.329601 0.354285 0.051109 0.157677
4 0.509026 0.404850 0.027186 0.234884
16 0.529144 0.407569 0.028273 0.222923
1 0.553611 0.399957 0.031535 0.222923
15 0.573728 0.394519 0.026098 0.214223
25 0.597652 0.389082 0.034798 0.222923
9 0.628100 0.384733 0.047847 0.231622
21 0.668334 0.381470 0.045672 0.201174
29 0.698239 0.357003 0.046759 0.182688
6 0.502502 0.646259 0.025011 0.195737
17 0.522075 0.640278 0.022836 0.201174
2 0.545455 0.652240 0.039147 0.235972
13 0.566660 0.637016 0.033710 0.198999
26 0.593302 0.634841 0.047847 0.201174
10 0.629187 0.617986 0.073945 0.184863
22 0.677034 0.584819 0.078295 0.177251
30 0.714550 0.542410 0.077207 0.179426
5 0.484559 0.640278 0.026098 0.188125
18 0.469879 0.647890 0.029361 0.196824
3 0.445955 0.642997 0.033710 0.204436
14 0.420945 0.629948 0.038060 0.193562
27 0.397565 0.610918 0.041322 0.203349
11 0.361680 0.597325 0.060896 0.187038
23 0.317095 0.560352 0.086994 0.193562
31 0.280123 0.493475 0.091344 0.190300