7 0.487240 0.458402 0.032647 0.194828
19 0.461438 0.456295 0.027381 0.186403
0 0.436690 0.439445 0.034753 0.222209
12 0.418787 0.457875 0.036859 0.187456
24 0.390879 0.453136 0.037912 0.177978
8 0.358759 0.462088 0.045284 0.172712
20 0.315581 0.463667 0.047391 0.137959
28 0.280828 0.445764 0.045284 0.127428
4 0.512515 0.457875 0.030541 0.183243
16 0.535157 0.445238 0.021062 0.134800
1 0.558325 0.435233 0.029487 0.230634
15 0.577282 0.458928 0.037912 0.176925
25 0.604136 0.446817 0.038966 0.211678
9 0.637836 0.456822 0.049497 0.179031
21 0.676802 0.452609 0.055816 0.166393
29 0.698218 0.455412 0.051603 0.121109
6 0.509882 0.626901 0.018956 0.192722
17 0.526732 0.631114 0.021062 0.152703
2 0.544108 0.645331 0.026328 0.170606
13 0.563591 0.642172 0.037912 0.162181
26 0.588866 0.642172 0.048444 0.168500
10 0.623093 0.639539 0.064241 0.167447
22 0.668377 0.619003 0.068453 0.168500
30 0.727878 0.590042 0.084250 0.131640
5 0.495138 0.621109 0.021062 0.176925
18 0.477235 0.638486 0.027381 0.154809
3 0.460912 0.654809 0.032647 0.202200
14 0.435637 0.649017 0.026328 0.184297
27 0.408782 0.659548 0.037912 0.199040
11 0.368237 0.635853 0.072665 0.187456
23 0.324532 0.617950 0.063187 0.164287
31 0.279774 0.591095 0.053709 0.154809