7 0.485947 0.488033 0.027764 0.171372
19 0.457226 0.480374 0.025849 0.175201
0 0.429940 0.475587 0.026807 0.177116
12 0.414622 0.489469 0.034466 0.153182
24 0.387815 0.499521 0.028722 0.140736
8 0.350956 0.505744 0.052656 0.143608
20 0.316490 0.518669 0.044997 0.154139
28 0.281546 0.543082 0.042125 0.149352
4 0.513233 0.485161 0.022977 0.173287
16 0.540039 0.493777 0.021062 0.177116
1 0.567804 0.502393 0.022977 0.171372
15 0.584558 0.507180 0.022020 0.163713
25 0.604663 0.516276 0.031594 0.157011
9 0.641522 0.531115 0.044040 0.156054
21 0.682690 0.543082 0.032551 0.147437
29 0.716677 0.507659 0.033508 0.107227
6 0.506531 0.663713 0.015318 0.145522
17 0.518977 0.669457 0.011489 0.145522
2 0.535252 0.681424 0.011489 0.179031
13 0.559187 0.686211 0.030636 0.179031
26 0.588866 0.698179 0.022977 0.191477
10 0.620938 0.705838 0.046912 0.172329
22 0.670244 0.708231 0.044040 0.165628
5 0.487862 0.665149 0.012446 0.144565
18 0.470629 0.661319 0.016276 0.144565
3 0.445737 0.681424 0.016276 0.188605
14 0.426111 0.689083 0.022977 0.175201
27 0.398825 0.685733 0.029679 0.183818
11 0.364359 0.690998 0.037338 0.179031
23 0.331330 0.697700 0.045954 0.177116
31 0.258568 0.711582 0.097653 0.126375