7 0.477235 0.489947 0.033508 0.177116
19 0.446120 0.489469 0.022977 0.172329
0 0.423621 0.485639 0.022020 0.176159
12 0.401123 0.473672 0.034466 0.179031
24 0.373359 0.457875 0.026807 0.193392
8 0.337457 0.448780 0.044997 0.190520
20 0.291024 0.447823 0.047869 0.136906
4 0.507393 0.488033 0.028722 0.179031
16 0.536114 0.484203 0.021062 0.184775
1 0.563400 0.466492 0.023935 0.216369
15 0.586856 0.464098 0.026807 0.200093
25 0.609354 0.460269 0.027764 0.186690
9 0.648607 0.457396 0.043082 0.165628
21 0.686424 0.445908 0.040210 0.136906
6 0.505478 0.679988 0.022977 0.124460
17 0.527976 0.681903 0.023935 0.135949
2 0.554783 0.681903 0.020105 0.149352
13 0.578239 0.677595 0.036381 0.182860
26 0.607918 0.669936 0.038295 0.192434
10 0.645256 0.657011 0.061273 0.195306
22 0.693604 0.621109 0.060315 0.192434
30 0.737165 0.570846 0.070846 0.160841
5 0.488245 0.676159 0.021062 0.134034
18 0.461917 0.677116 0.022020 0.143608
3 0.435110 0.675201 0.025849 0.153182
14 0.410697 0.659405 0.022977 0.148395
27 0.384369 0.662277 0.023935 0.190520
11 0.333627 0.653660 0.081378 0.198179
23 0.288630 0.626375 0.075633 0.187647
31 0.234538 0.564623 0.078506 0.142650