7 0.492105 0.444079 0.044737 0.213158
19 0.460526 0.450658 0.036842 0.165789
0 0.420394 0.445395 0.032895 0.197368
12 0.398684 0.441447 0.034210 0.197368
24 0.373684 0.436184 0.042105 0.197368
8 0.332236 0.427632 0.056579 0.198684
20 0.286184 0.415790 0.053947 0.185526
28 0.249342 0.406579 0.061842 0.161842
4 0.527631 0.437500 0.039474 0.244737
16 0.560526 0.431579 0.034210 0.225000
1 0.587499 0.429605 0.035526 0.250000
15 0.611841 0.428290 0.036842 0.234210
25 0.642104 0.421053 0.036842 0.240789
9 0.674999 0.426316 0.047368 0.211842
21 0.710525 0.415132 0.047368 0.189473
29 0.739473 0.378948 0.047368 0.122368
6 0.532236 0.659210 0.043421 0.138158
17 0.545394 0.671710 0.027632 0.160526
2 0.569078 0.682894 0.035526 0.219737
13 0.599999 0.678947 0.042105 0.190789
26 0.627631 0.677631 0.047368 0.206579
10 0.668420 0.655921 0.071053 0.202631
22 0.715789 0.629605 0.076316 0.181579
30 0.758552 0.603289 0.072368 0.139474
5 0.504605 0.667105 0.040789 0.153947
18 0.482894 0.667105 0.044737 0.164473
3 0.454605 0.670395 0.035526 0.205263
14 0.425657 0.670395 0.040789 0.213158
27 0.388815 0.663816 0.046053 0.205263
11 0.343421 0.650658 0.076316 0.221052
23 0.287500 0.625000 0.088158 0.201316
31 0.220394 0.582895 0.090789 0.122368