7 0.482434 0.433271 0.030646 0.189806
19 0.458708 0.438709 0.026691 0.190794
0 0.435477 0.441180 0.033611 0.193760
12 0.410268 0.445134 0.032623 0.205623
24 0.387531 0.462434 0.040531 0.186840
20 0.320802 0.454031 0.045474 0.187828
28 0.289168 0.390269 0.047451 0.147297
4 0.511597 0.428823 0.023726 0.198703
16 0.533345 0.429317 0.027680 0.191783
1 0.553117 0.435743 0.029657 0.192771
15 0.579808 0.437720 0.029657 0.204634
25 0.604028 0.443651 0.032623 0.202657
9 0.637145 0.447111 0.041520 0.203646
21 0.680642 0.450571 0.045474 0.182886
29 0.701402 0.383349 0.051406 0.143343
6 0.506654 0.640871 0.013840 0.197714
17 0.522965 0.629008 0.022737 0.185851
2 0.541748 0.635434 0.022737 0.188817
13 0.563497 0.638400 0.028669 0.178931
26 0.585245 0.648286 0.040531 0.190794
10 0.621822 0.651746 0.066234 0.189806
22 0.673228 0.646803 0.082051 0.193760
30 0.734519 0.628514 0.089960 0.119617
5 0.494791 0.631974 0.015817 0.177943
18 0.480457 0.630491 0.018783 0.178931
3 0.461179 0.640871 0.023726 0.183874
14 0.439431 0.649768 0.033611 0.181897
27 0.417188 0.657183 0.034600 0.190794
11 0.382094 0.651251 0.065246 0.190794
23 0.333654 0.659654 0.059314 0.187828
31 0.290651 0.663114 0.042509 0.109731