7 0.496607 0.455242 0.027381 0.184297
19 0.463960 0.451556 0.025275 0.172712
0 0.437632 0.451556 0.033700 0.187456
12 0.412357 0.452083 0.033700 0.177978
24 0.383396 0.450503 0.036859 0.181137
8 0.348117 0.457349 0.052656 0.146384
20 0.298094 0.440499 0.038966 0.159022
28 0.270186 0.372572 0.065294 0.128481
4 0.527148 0.453136 0.025275 0.186403
16 0.555056 0.459455 0.024222 0.182190
1 0.587702 0.466300 0.026328 0.195881
15 0.614557 0.464720 0.023169 0.194828
25 0.634040 0.457875 0.024222 0.197987
9 0.672479 0.465247 0.040019 0.168500
21 0.716710 0.458928 0.040019 0.170606
29 0.748304 0.441868 0.056869 0.122584
6 0.516090 0.638486 0.020009 0.152703
17 0.538206 0.654283 0.015797 0.186403
2 0.564534 0.673765 0.026328 0.240112
13 0.594548 0.680611 0.025275 0.211678
26 0.622982 0.681664 0.035806 0.228528
10 0.665107 0.673239 0.056869 0.226421
22 0.716710 0.643225 0.075825 0.179031
30 0.775158 0.607945 0.083197 0.091622
5 0.494501 0.629534 0.018956 0.151650
18 0.472385 0.632167 0.018956 0.156915
3 0.449217 0.659022 0.029487 0.212731
14 0.422362 0.654809 0.026328 0.219050
27 0.392348 0.656389 0.025275 0.222209
11 0.350223 0.649543 0.077931 0.208518
23 0.298094 0.610051 0.060028 0.186403