7 0.485939 0.451920 0.040442 0.194119
19 0.459427 0.450122 0.030556 0.194119
0 0.432915 0.443382 0.040442 0.193221
12 0.409549 0.446527 0.036847 0.186930
24 0.384386 0.447426 0.036847 0.188727
8 0.345741 0.456862 0.062010 0.175247
20 0.304401 0.460008 0.047631 0.156374
28 0.268004 0.457761 0.052125 0.139299
4 0.518741 0.446527 0.034151 0.204904
16 0.543006 0.445629 0.026961 0.208499
1 0.565474 0.444730 0.035948 0.222878
15 0.585694 0.445629 0.038644 0.219283
25 0.612206 0.451470 0.037745 0.216587
9 0.646357 0.464951 0.050327 0.195018
21 0.687697 0.468545 0.044935 0.178841
29 0.724094 0.458210 0.044036 0.170753
6 0.508406 0.651880 0.022468 0.186031
17 0.524583 0.648286 0.024265 0.173449
2 0.547050 0.666260 0.027860 0.202208
13 0.570417 0.669854 0.031455 0.189626
26 0.595131 0.668506 0.035948 0.177943
10 0.631079 0.668057 0.062909 0.173449
22 0.680058 0.667608 0.067403 0.179740
30 0.727689 0.619078 0.074592 0.147387
5 0.489084 0.658621 0.021569 0.190525
18 0.472908 0.651431 0.026961 0.188727
3 0.450440 0.657273 0.028758 0.198613
14 0.426624 0.660418 0.040442 0.195917
27 0.400113 0.655475 0.039543 0.189626
11 0.362367 0.654127 0.064706 0.190525
23 0.310243 0.651431 0.073693 0.186930
31 0.263960 0.610540 0.063808 0.142893