7 0.472948 0.511194 0.042910 0.216418
19 0.445896 0.517724 0.029851 0.188433
0 0.413246 0.502799 0.024254 0.192164
12 0.400187 0.495336 0.031716 0.169776
24 0.373134 0.491604 0.037313 0.184701
8 0.348881 0.485075 0.037313 0.164179
20 0.312500 0.459888 0.042910 0.173507
28 0.277052 0.428172 0.046642 0.147388
4 0.513993 0.500933 0.027985 0.195896
16 0.543843 0.486007 0.039179 0.222015
16 0.569030 0.483209 0.041045 0.208955
1 0.602612 0.473881 0.048507 0.208955
15 0.619403 0.474813 0.022388 0.192164
9 0.640858 0.457090 0.042910 0.220149
21 0.672575 0.459888 0.042910 0.192164
29 0.708022 0.423507 0.061567 0.167910
6 0.507463 0.707090 0.014925 0.179104
17 0.522388 0.723881 0.022388 0.201493
2 0.552239 0.718284 0.026119 0.212687
13 0.589552 0.697761 0.033582 0.179104
26 0.608209 0.675373 0.041045 0.171642
10 0.643657 0.665112 0.063433 0.188433
22 0.681903 0.645522 0.054104 0.175373
30 0.742537 0.605410 0.082090 0.132463
5 0.493470 0.712687 0.024254 0.171642
18 0.469216 0.718284 0.020522 0.190299
3 0.449627 0.725746 0.022388 0.197761
14 0.424440 0.700560 0.035448 0.184701
27 0.395522 0.691231 0.033582 0.195896
11 0.361007 0.671642 0.046642 0.182836
23 0.317164 0.637127 0.052239 0.192164
31 0.269590 0.631530 0.065299 0.158582