7 0.483472 0.492388 0.036973 0.205524
19 0.457917 0.486407 0.033710 0.193562
0 0.435625 0.478795 0.034798 0.195737
12 0.408983 0.473358 0.040235 0.193562
24 0.382885 0.473902 0.038060 0.179426
8 0.349174 0.465202 0.048934 0.168551
20 0.310571 0.445085 0.050022 0.165289
28 0.286647 0.390713 0.056546 0.145715
4 0.512289 0.488038 0.033710 0.198999
16 0.536756 0.486951 0.026098 0.188125
1 0.559048 0.482601 0.031535 0.188125
15 0.584603 0.483689 0.039147 0.170726
25 0.609613 0.478251 0.039147 0.162027
9 0.638430 0.458134 0.051109 0.187038
21 0.680296 0.443454 0.050022 0.179426
29 0.696608 0.399413 0.065246 0.150065
6 0.508483 0.679969 0.026098 0.147890
17 0.526969 0.688669 0.019574 0.184863
2 0.546543 0.683232 0.026098 0.193562
13 0.571010 0.677251 0.040235 0.194650
26 0.600370 0.676163 0.042410 0.205524
10 0.639518 0.651696 0.077207 0.193562
22 0.677578 0.623967 0.061983 0.175076
30 0.722706 0.585363 0.063071 0.137016
5 0.487821 0.684319 0.023923 0.158764
18 0.470966 0.680513 0.029361 0.159852
3 0.449761 0.685950 0.028273 0.192475
14 0.425294 0.670182 0.033710 0.189212
27 0.397021 0.651696 0.038060 0.165289
11 0.358418 0.652784 0.071770 0.193562
23 0.311658 0.617442 0.067421 0.175076
31 0.263811 0.572314 0.067421 0.137016