7 0.492814 0.527186 0.027680 0.221440
19 0.470571 0.529163 0.022737 0.209577
0 0.452777 0.495551 0.026691 0.233303
12 0.432511 0.485171 0.029657 0.200680
24 0.408291 0.479734 0.044486 0.177943
8 0.371714 0.445629 0.038554 0.188817
20 0.341068 0.427834 0.042509 0.141366
4 0.519011 0.519277 0.026691 0.235280
16 0.536805 0.508897 0.020760 0.244177
1 0.555588 0.488631 0.026691 0.233303
15 0.573877 0.468860 0.029657 0.219463
25 0.599085 0.462929 0.044486 0.191783
9 0.632202 0.441674 0.041520 0.174977
21 0.664331 0.417454 0.052394 0.142354
6 0.516045 0.725394 0.016806 0.123571
17 0.531307 0.718801 0.018791 0.126635
2 0.556225 0.722886 0.039216 0.172387
13 0.578284 0.708588 0.052288 0.191178
26 0.607288 0.680810 0.069445 0.196080
10 0.656308 0.626480 0.092321 0.175655
22 0.687762 0.573375 0.089870 0.165851
5 0.500669 0.731464 0.019608 0.155230
18 0.483104 0.734732 0.018791 0.153596
3 0.461045 0.718392 0.030229 0.189544
14 0.438577 0.704503 0.042484 0.191178
27 0.403855 0.682444 0.079249 0.197714
11 0.357694 0.631790 0.091504 0.178106
23 0.324606 0.582770 0.069445 0.168302