7 0.476403 0.453241 0.040235 0.192475
19 0.438343 0.455959 0.040235 0.193562
0 0.406264 0.458678 0.036973 0.198999
12 0.375816 0.458678 0.032623 0.190300
24 0.349718 0.455415 0.034798 0.181600
8 0.317639 0.465202 0.048934 0.181600
20 0.274142 0.457590 0.042410 0.164202
28 0.241519 0.441279 0.051109 0.129404
4 0.514463 0.448891 0.040235 0.198999
16 0.556329 0.449435 0.039147 0.187038
1 0.588952 0.452153 0.036973 0.207699
15 0.618313 0.449435 0.034798 0.204436
25 0.646586 0.449435 0.034798 0.202262
9 0.683015 0.446716 0.046759 0.209874
21 0.720531 0.437473 0.054371 0.204436
29 0.749892 0.430405 0.054371 0.164202
6 0.509570 0.636472 0.026098 0.141366
17 0.535668 0.637560 0.028273 0.156590
2 0.564485 0.654415 0.038060 0.201174
13 0.603633 0.659308 0.033710 0.184863
26 0.640605 0.675620 0.051109 0.208786
10 0.677034 0.663114 0.071770 0.194650
22 0.724337 0.647346 0.077207 0.184863
30 0.767834 0.610374 0.070683 0.163114
5 0.487821 0.634841 0.028273 0.142453
18 0.463354 0.642453 0.029361 0.162027
3 0.435081 0.663114 0.031535 0.205524
14 0.400827 0.656046 0.032623 0.180513
27 0.368748 0.658764 0.035885 0.181600
11 0.322532 0.654958 0.069595 0.193562
23 0.274686 0.627229 0.063071 0.172901
31 0.234451 0.590257 0.056546 0.138103