7 0.476076 0.419857 0.043062 0.226076
19 0.440789 0.427632 0.041866 0.208134
0 0.410287 0.429426 0.038277 0.226076
12 0.386363 0.430622 0.035885 0.211722
24 0.354665 0.434809 0.041866 0.200957
8 0.316387 0.438397 0.056220 0.193780
20 0.267344 0.437201 0.056220 0.167464
4 0.512559 0.412081 0.039474 0.236842
16 0.549042 0.422847 0.031100 0.220095
1 0.583133 0.419258 0.044258 0.241626
15 0.607655 0.431818 0.040670 0.192583
25 0.633970 0.421651 0.038277 0.200957
9 0.672248 0.419857 0.052632 0.204545
21 0.722487 0.407895 0.052632 0.187799
6 0.516746 0.630383 0.028708 0.175837
17 0.536483 0.632177 0.025120 0.191387
2 0.563994 0.657895 0.037081 0.223684
13 0.587918 0.657296 0.037081 0.200957
26 0.616626 0.651316 0.041866 0.200957
10 0.662679 0.644139 0.074163 0.198564
22 0.712918 0.619019 0.078947 0.179426
30 0.758970 0.545454 0.084928 0.111244
5 0.494617 0.630981 0.032297 0.174641
18 0.468899 0.635765 0.028708 0.193780
3 0.444975 0.660287 0.033493 0.218899
14 0.414473 0.662081 0.034689 0.208134
27 0.386363 0.666268 0.047847 0.216507
11 0.339712 0.658493 0.074163 0.191387
23 0.283492 0.638756 0.078947 0.183014
31 0.229665 0.555622 0.081340 0.114832