7 0.474379 0.502896 0.019693 0.140171
19 0.450052 0.504055 0.017377 0.130903
0 0.421670 0.523169 0.030119 0.148280
12 0.400239 0.529540 0.028961 0.126269
24 0.382863 0.539387 0.031278 0.125111
8 0.341159 0.541124 0.054446 0.149438
20 0.313936 0.553288 0.037070 0.152913
28 0.280341 0.523169 0.048654 0.139012
4 0.495810 0.500579 0.025486 0.147121
16 0.518979 0.505792 0.018535 0.150597
1 0.545044 0.502317 0.035911 0.162181
15 0.581535 0.505213 0.025486 0.149438
25 0.614550 0.516797 0.017377 0.170290
9 0.650461 0.525486 0.040545 0.180716
21 0.688690 0.538808 0.033595 0.156389
29 0.719388 0.502317 0.041704 0.125111
6 0.502761 0.665656 0.020852 0.145963
17 0.520717 0.660443 0.012743 0.144804
2 0.539252 0.676082 0.015060 0.150597
13 0.551415 0.694038 0.013901 0.156389
26 0.577480 0.721956 0.033595 0.189057
10 0.607020 0.723578 0.039387 0.187667
22 0.646986 0.719523 0.047496 0.161023
30 0.707225 0.703305 0.061397 0.110051
5 0.483068 0.659864 0.013901 0.127428
18 0.477275 0.669132 0.023169 0.136695
3 0.457582 0.684770 0.025486 0.151755
14 0.434413 0.707360 0.027802 0.166815
27 0.412982 0.724273 0.022010 0.175155
11 0.379388 0.731224 0.040545 0.165888
23 0.335946 0.726474 0.048654 0.163339
31 0.285554 0.721840 0.070665 0.126269