7 0.492822 0.504785 0.031100 0.151914
19 0.467105 0.495215 0.027512 0.168660
0 0.442583 0.494617 0.031100 0.188995
24 0.421052 0.514354 0.045454 0.166268
8 0.398325 0.518541 0.035885 0.167464
20 0.364832 0.525120 0.055024 0.166268
28 0.328349 0.518541 0.046651 0.160287
4 0.518540 0.497608 0.027512 0.180622
16 0.543660 0.501794 0.025120 0.167464
1 0.563994 0.495215 0.029904 0.204545
15 0.586124 0.533493 0.035885 0.137560
25 0.605860 0.532297 0.034689 0.147129
9 0.642344 0.541268 0.045454 0.155502
21 0.676435 0.541866 0.041866 0.147129
29 0.706937 0.534689 0.043062 0.127990
6 0.516148 0.664473 0.020335 0.126794
17 0.531698 0.659091 0.020335 0.137560
2 0.549640 0.686603 0.027512 0.178229
13 0.569975 0.691387 0.029904 0.171052
26 0.592104 0.687201 0.038277 0.160287
10 0.627990 0.684210 0.059809 0.154306
30 0.709329 0.667464 0.069378 0.137560
5 0.499999 0.658493 0.019139 0.145933
18 0.483851 0.667464 0.022727 0.154306
3 0.465908 0.672249 0.025120 0.159091
14 0.447368 0.675239 0.031100 0.148325
27 0.429425 0.688995 0.038277 0.178229
11 0.392942 0.690789 0.068182 0.179426
23 0.344497 0.689593 0.074163 0.172249