7 0.488580 0.503046 0.022629 0.204532
19 0.469867 0.509139 0.020018 0.188866
0 0.444627 0.499565 0.023499 0.194088
12 0.431137 0.497389 0.031333 0.198440
24 0.409813 0.500435 0.026981 0.169718
8 0.385879 0.499565 0.045258 0.145348
20 0.345407 0.474325 0.053091 0.134904
4 0.511644 0.502176 0.023499 0.190607
16 0.532533 0.494778 0.023499 0.181033
1 0.551680 0.490861 0.020018 0.187125
15 0.561689 0.484769 0.022629 0.176681
25 0.583448 0.480417 0.033073 0.174940
9 0.615651 0.471278 0.043517 0.170589
21 0.646548 0.451696 0.047869 0.143608
29 0.677446 0.420798 0.048740 0.116627
6 0.509033 0.704967 0.016537 0.143608
17 0.524264 0.696699 0.010444 0.142737
2 0.542106 0.704097 0.018277 0.178422
13 0.558643 0.705838 0.021759 0.194088
26 0.579532 0.705838 0.037425 0.197569
10 0.617392 0.674070 0.064406 0.186255
22 0.666566 0.636645 0.077461 0.165366
30 0.697464 0.596174 0.055702 0.157533
5 0.492061 0.700180 0.013926 0.147959
18 0.475960 0.699745 0.023499 0.152311
3 0.458988 0.707143 0.024370 0.172329
14 0.439405 0.713236 0.026981 0.177551
27 0.416776 0.708014 0.028722 0.179292
11 0.386749 0.692782 0.055702 0.199310
23 0.344537 0.658839 0.058313 0.181903
31 0.278391 0.608794 0.101831 0.130552