7 0.477124 0.491575 0.053709 0.187456
19 0.444478 0.497367 0.045284 0.177978
0 0.412357 0.488942 0.033700 0.192722
12 0.379711 0.498420 0.042125 0.196934
24 0.356015 0.503686 0.038966 0.192722
8 0.327054 0.503686 0.048444 0.188509
20 0.287036 0.507372 0.046337 0.170606
28 0.244384 0.489469 0.043178 0.155862
4 0.525042 0.491575 0.035806 0.195881
16 0.552423 0.495261 0.033700 0.201146
1 0.582437 0.499473 0.028434 0.201146
15 0.605605 0.508952 0.028434 0.186403
25 0.632460 0.507898 0.031594 0.173765
9 0.665107 0.517903 0.054762 0.141118
21 0.706179 0.517903 0.046337 0.113737
29 0.748830 0.504212 0.062134 0.109525
6 0.503453 0.685350 0.024222 0.128481
17 0.529781 0.702726 0.028434 0.163234
2 0.556635 0.696934 0.037912 0.189562
13 0.583490 0.692195 0.032647 0.173765
26 0.615610 0.694828 0.054762 0.172712
10 0.650363 0.684823 0.054762 0.169553
22 0.699860 0.673765 0.071612 0.166393
30 0.754096 0.630587 0.083197 0.124269
5 0.482917 0.677978 0.029487 0.134800
18 0.459748 0.687982 0.018956 0.140065
3 0.432893 0.689036 0.041072 0.171659
14 0.406039 0.695354 0.031594 0.177978
27 0.381817 0.691668 0.040019 0.176925
11 0.339165 0.693248 0.055816 0.180084
23 0.291775 0.683243 0.053709 0.179031
31 0.238592 0.631114 0.075825 0.116897