7 0.485647 0.429861 0.026098 0.165289
19 0.460636 0.437473 0.023923 0.165289
0 0.436169 0.444541 0.029361 0.168551
12 0.411702 0.441279 0.023923 0.164202
24 0.392672 0.448347 0.031535 0.152240
8 0.358961 0.449978 0.051109 0.157677
20 0.313289 0.440191 0.046759 0.146803
28 0.271967 0.432579 0.048934 0.142453
4 0.516095 0.426599 0.028273 0.189212
16 0.542193 0.420074 0.021749 0.195737
1 0.563398 0.420074 0.020661 0.178338
15 0.589496 0.426055 0.025011 0.162027
25 0.608526 0.427142 0.026098 0.153327
9 0.643867 0.418443 0.044585 0.164202
21 0.688996 0.418987 0.039147 0.145715
29 0.728143 0.424424 0.036973 0.128316
6 0.520444 0.631035 0.019574 0.158764
17 0.541105 0.642997 0.019574 0.176163
2 0.561223 0.648978 0.025011 0.212048
13 0.580797 0.652784 0.027186 0.187038
26 0.610157 0.641909 0.035885 0.184863
10 0.648217 0.635928 0.068508 0.188125
22 0.688996 0.615811 0.060896 0.173988
30 0.744454 0.575576 0.080470 0.117442
5 0.504677 0.626685 0.018486 0.150065
18 0.488909 0.628316 0.021749 0.155502
3 0.466073 0.634841 0.021749 0.166376
14 0.439975 0.647890 0.028273 0.168551
27 0.416051 0.653871 0.041322 0.178338
11 0.371467 0.648978 0.071770 0.192475
23 0.324707 0.635928 0.065246 0.181600
31 0.257830 0.622336 0.088082 0.126142