7 0.484526 0.470989 0.028578 0.204376
19 0.461577 0.468391 0.025980 0.199180
0 0.437763 0.457999 0.028578 0.219964
12 0.418278 0.463628 0.029444 0.186190
24 0.397061 0.454968 0.030310 0.180994
8 0.363287 0.438081 0.049362 0.209572
20 0.323884 0.437648 0.043300 0.179262
28 0.287079 0.435050 0.042434 0.163674
4 0.509640 0.463628 0.026846 0.213902
16 0.535187 0.453669 0.025980 0.216500
1 0.558569 0.462329 0.024248 0.216500
15 0.576755 0.456700 0.032908 0.191386
25 0.598405 0.458865 0.032908 0.171468
9 0.628715 0.446741 0.050228 0.176664
21 0.669417 0.440679 0.045032 0.168004
29 0.707088 0.441978 0.047630 0.141158
6 0.510506 0.690953 0.021650 0.187056
17 0.529125 0.691386 0.022516 0.186190
2 0.550775 0.684891 0.025980 0.200912
13 0.572425 0.672767 0.027712 0.185324
26 0.596240 0.665839 0.032042 0.183592
10 0.630880 0.645055 0.051094 0.181860
22 0.678510 0.625137 0.059754 0.166272
30 0.740429 0.587466 0.084868 0.118642
5 0.493619 0.689654 0.017320 0.179262
18 0.474567 0.684458 0.027712 0.177530
3 0.452052 0.686623 0.027712 0.206108
14 0.429536 0.682293 0.032908 0.185324
27 0.404855 0.666705 0.032042 0.185324
11 0.371514 0.649385 0.058888 0.188788
23 0.319121 0.642024 0.061486 0.201778
31 0.258934 0.588765 0.088332 0.143756