7 0.487377 0.391751 0.032623 0.197714
19 0.461179 0.389280 0.027680 0.190794
0 0.433994 0.403614 0.036577 0.201668
12 0.408785 0.411029 0.031634 0.202657
24 0.386048 0.418443 0.043497 0.193760
8 0.349471 0.437720 0.059314 0.184863
20 0.310422 0.438709 0.050417 0.186840
4 0.516539 0.391751 0.033611 0.203646
16 0.544714 0.398177 0.028669 0.202657
1 0.565968 0.406580 0.031634 0.203646
15 0.589199 0.414489 0.036577 0.209577
25 0.610948 0.421903 0.032623 0.206611
9 0.649008 0.443651 0.043497 0.184863
21 0.689045 0.446617 0.040531 0.174977
29 0.723151 0.463917 0.023726 0.132468
6 0.506159 0.581557 0.020760 0.156194
17 0.522471 0.591443 0.019771 0.158171
2 0.542242 0.608743 0.031634 0.210566
13 0.564979 0.614674 0.033611 0.200680
26 0.589199 0.619617 0.034600 0.194748
10 0.622811 0.617640 0.046463 0.176954
22 0.674216 0.629503 0.052394 0.178931
30 0.719196 0.604789 0.055360 0.147297
5 0.488859 0.574143 0.017794 0.145320
18 0.472054 0.581557 0.017794 0.152240
3 0.450305 0.600340 0.025703 0.203646
14 0.430040 0.609237 0.036577 0.203646
27 0.405325 0.613191 0.036577 0.189806
11 0.366771 0.617146 0.056349 0.181897
23 0.318331 0.628020 0.066234 0.181897
31 0.266431 0.605283 0.067223 0.160148