7 0.499351 0.480517 0.033700 0.175872
19 0.470916 0.538966 0.029487 0.088462
0 0.442482 0.487363 0.042125 0.191668
12 0.401410 0.496314 0.035806 0.173765
24 0.376662 0.514217 0.036859 0.180084
8 0.338749 0.529487 0.045284 0.176925
20 0.298731 0.534226 0.043178 0.173765
28 0.257659 0.531594 0.043178 0.153756
4 0.531997 0.483150 0.027381 0.185350
16 0.559905 0.489469 0.026328 0.185350
1 0.586233 0.484730 0.024222 0.207465
15 0.610982 0.508425 0.025275 0.164287
25 0.642049 0.507898 0.034753 0.182190
9 0.681541 0.521062 0.037912 0.181137
21 0.721033 0.523695 0.034753 0.167447
6 0.513568 0.674818 0.022116 0.164287
17 0.536736 0.676398 0.017903 0.167447
2 0.560958 0.696407 0.024222 0.207465
13 0.584654 0.702726 0.021062 0.196934
26 0.613614 0.711151 0.030541 0.205359
10 0.657846 0.721682 0.051603 0.192722
22 0.706816 0.707465 0.056869 0.172712
5 0.492505 0.673239 0.015797 0.163234
18 0.471443 0.668500 0.024222 0.155862
3 0.444588 0.697987 0.029487 0.210625
14 0.418260 0.700093 0.023169 0.206412
27 0.387193 0.716417 0.034753 0.201146
11 0.342962 0.722209 0.051603 0.189562
23 0.289779 0.712204 0.061081 0.184297