7 0.491084 0.476620 0.043497 0.191387
19 0.456286 0.476077 0.039147 0.198999
0 0.428557 0.474445 0.038060 0.204436
12 0.403546 0.472271 0.044585 0.193562
24 0.374185 0.478251 0.038060 0.194650
8 0.339931 0.488038 0.052197 0.183775
20 0.300784 0.481514 0.045672 0.166376
28 0.256199 0.486407 0.054371 0.156590
4 0.526425 0.476077 0.040235 0.198999
16 0.557961 0.475533 0.031535 0.208786
1 0.585690 0.469008 0.030448 0.230535
15 0.609613 0.488582 0.043497 0.180513
25 0.635712 0.483145 0.032623 0.200087
9 0.667791 0.488038 0.044585 0.183775
21 0.706394 0.486951 0.039147 0.175076
29 0.740105 0.471727 0.045672 0.175076
6 0.510657 0.650065 0.026098 0.138103
17 0.534037 0.653871 0.029361 0.147890
2 0.559048 0.688125 0.033710 0.218573
13 0.582428 0.684863 0.034798 0.207699
26 0.615051 0.691387 0.039147 0.205524
10 0.654742 0.685406 0.061983 0.197912
22 0.700957 0.669095 0.067421 0.189212
5 0.489453 0.653871 0.027186 0.143540
18 0.468791 0.651696 0.031535 0.139191
3 0.445412 0.684863 0.036973 0.205524
14 0.415508 0.682688 0.040235 0.203349
27 0.385060 0.687581 0.038060 0.208786
11 0.345368 0.678338 0.058721 0.192475
23 0.290453 0.664202 0.072858 0.183775