7 0.487821 0.479339 0.032623 0.181600
19 0.462267 0.471727 0.029361 0.159852
0 0.438887 0.448347 0.030448 0.189212
12 0.414420 0.439104 0.035885 0.183775
24 0.389953 0.413006 0.036973 0.185950
8 0.353524 0.403763 0.046759 0.176163
20 0.318726 0.376577 0.051109 0.173988
28 0.287191 0.362440 0.057634 0.137016
4 0.518813 0.464115 0.031535 0.209874
16 0.539474 0.460309 0.027186 0.193562
1 0.565573 0.450522 0.031535 0.213136
15 0.590583 0.447803 0.035885 0.201174
25 0.612332 0.434211 0.038060 0.191387
9 0.645499 0.423880 0.050022 0.185950
21 0.681384 0.401588 0.043497 0.180513
29 0.710744 0.377664 0.054371 0.167464
6 0.511201 0.648434 0.020661 0.139191
17 0.529687 0.660396 0.022836 0.163114
2 0.549261 0.665833 0.033710 0.189212
13 0.570466 0.656590 0.028273 0.188125
26 0.601458 0.654958 0.048934 0.191387
10 0.637343 0.625598 0.072858 0.189212
22 0.680296 0.593519 0.065246 0.177251
30 0.732493 0.545128 0.076120 0.115267
5 0.493259 0.658221 0.023923 0.165289
18 0.479122 0.660396 0.026098 0.169639
3 0.456830 0.661483 0.031535 0.193562
14 0.432363 0.650065 0.032623 0.192475
27 0.403002 0.638647 0.050022 0.202262
23 0.314920 0.576120 0.065246 0.194650
11 0.361680 0.610374 0.071770 0.206611
31 0.263268 0.508156 0.081557 0.132666