7 0.484607 0.390475 0.040019 0.206412
19 0.449327 0.376785 0.034753 0.216943
0 0.422473 0.370992 0.035806 0.205359
12 0.403516 0.395214 0.031594 0.205359
24 0.376662 0.413644 0.036859 0.189562
8 0.337696 0.442078 0.057922 0.170606
20 0.293465 0.451030 0.049497 0.173765
28 0.248707 0.463667 0.048444 0.167447
4 0.521466 0.385210 0.035806 0.200093
16 0.548847 0.373099 0.023169 0.186403
1 0.575175 0.364147 0.031594 0.216943
15 0.599397 0.386789 0.023169 0.177978
25 0.624146 0.403113 0.030541 0.187456
9 0.661005 0.409431 0.049497 0.185350
21 0.709449 0.422069 0.043178 0.191668
29 0.755786 0.438392 0.047391 0.171659
6 0.509355 0.585303 0.020009 0.162181
17 0.528311 0.584776 0.017903 0.169553
2 0.553060 0.634273 0.023169 0.251696
13 0.583074 0.621109 0.026328 0.202200
26 0.605716 0.645331 0.033700 0.219050
10 0.654686 0.647437 0.062134 0.206412
22 0.699444 0.645331 0.048444 0.189562
30 0.770003 0.615844 0.086356 0.126375
5 0.490926 0.587936 0.021062 0.165340
18 0.470916 0.597940 0.025275 0.164287
3 0.444062 0.619003 0.026328 0.208518
14 0.416154 0.632693 0.031594 0.197987
27 0.389826 0.645331 0.033700 0.206412
11 0.347174 0.653756 0.049497 0.202200
23 0.293465 0.655862 0.053709 0.191668
31 0.239229 0.646911 0.061081 0.171659