7 0.479628 0.428196 0.039253 0.166585
19 0.448513 0.419101 0.030636 0.182860
0 0.424579 0.410006 0.028722 0.179988
12 0.400644 0.411921 0.034466 0.181903
24 0.372401 0.414314 0.033508 0.167542
8 0.339372 0.416229 0.042125 0.173287
20 0.301076 0.414793 0.038295 0.149352
4 0.511701 0.428196 0.022977 0.170414
16 0.537072 0.435855 0.022020 0.181903
1 0.561964 0.437770 0.025849 0.185733
15 0.587813 0.434898 0.029679 0.185733
25 0.617971 0.436334 0.030636 0.179031
9 0.647649 0.440642 0.030636 0.174244
21 0.691210 0.440163 0.037338 0.177116
29 0.720411 0.385114 0.044040 0.099568
6 0.504042 0.604834 0.019148 0.148395
17 0.525583 0.615365 0.022020 0.161798
2 0.547124 0.640736 0.022977 0.181903
13 0.572495 0.639778 0.020105 0.179988
26 0.594993 0.643608 0.026807 0.179988
10 0.631374 0.650788 0.057443 0.192434
22 0.677807 0.630683 0.050741 0.159883
30 0.754876 0.621109 0.099568 0.110099
5 0.484894 0.602440 0.019148 0.155096
18 0.465746 0.606270 0.022977 0.174244
3 0.443727 0.628290 0.024892 0.195306
14 0.420749 0.626375 0.026807 0.191477
27 0.393464 0.640257 0.025849 0.142650
11 0.362828 0.622545 0.052656 0.193392
23 0.312565 0.611057 0.049784 0.183818
31 0.253207 0.594302 0.067017 0.102440