7 0.487240 0.441552 0.034753 0.201146
19 0.461965 0.438919 0.020009 0.189562
0 0.430898 0.430494 0.035806 0.225368
12 0.412994 0.432074 0.040019 0.215890
24 0.376662 0.439972 0.032647 0.195881
8 0.341909 0.436813 0.047391 0.193775
20 0.307682 0.436286 0.035806 0.175872
28 0.265031 0.426281 0.053709 0.160075
4 0.521993 0.434706 0.030541 0.206412
16 0.548321 0.435759 0.030541 0.206412
1 0.575175 0.434706 0.031594 0.223262
15 0.594658 0.438919 0.034753 0.216943
25 0.618880 0.441552 0.032647 0.207465
9 0.655739 0.436286 0.049497 0.205359
21 0.701024 0.430494 0.036859 0.168500
29 0.733670 0.427335 0.060028 0.136906
6 0.506196 0.636906 0.017903 0.170606
17 0.527785 0.647964 0.018956 0.186403
2 0.552533 0.659022 0.022116 0.221156
13 0.571489 0.662181 0.022116 0.206412
26 0.597818 0.663234 0.034753 0.212731
10 0.638889 0.655336 0.057922 0.201146
22 0.683121 0.634273 0.053709 0.186403
30 0.757366 0.573719 0.094781 0.109525
5 0.490926 0.637959 0.018956 0.179031
18 0.471969 0.643751 0.027381 0.199040
3 0.446168 0.655336 0.030541 0.205359
14 0.426159 0.651650 0.030541 0.197987
27 0.399304 0.651123 0.042125 0.213784
11 0.355073 0.649017 0.052656 0.205359
23 0.308735 0.627954 0.052656 0.205359
31 0.252393 0.585830 0.076878 0.131640