20 0.2859375 0.38203125 0.059375 0.18828125
23 0.2328125 0.578125 0.109375 0.16796875
11 0.29921875 0.6515625 0.11875 0.23515625
27 0.378125 0.66484375 0.08515625 0.2234375
14 0.4546875 0.69296875 0.06328125 0.21953125
3 0.48515625 0.68671875 0.0453125 0.2234375
18 0.5140625 0.690625 0.03203125 0.19921875
5 0.53671875 0.69375 0.02578125 0.18515625
6 0.56640625 0.68828125 0.03359375 0.18515625
17 0.6 0.7109375 0.0375 0.215625
2 0.63828125 0.69375 0.04140625 0.19765625
13 0.67734375 0.69375 0.0375 0.2328125
22 0.80390625 0.62265625 0.09921875 0.146875
8 0.35625 0.40859375 0.096875 0.18515625
0 0.43359375 0.41015625 0.0578125 0.2453125
19 0.47890625 0.40390625 0.04140625 0.28046875
7 0.515625 0.425 0.04765625 0.275
4 0.55859375 0.4375 0.04140625 0.271875
16 0.59296875 0.43671875 0.0359375 0.25078125
1 0.63359375 0.4234375 0.04921875 0.23125
25 0.66796875 0.425 0.0453125 0.22734375
9 0.7125 0.41484375 0.059375 0.21796875
21 0.771875 0.43984375 0.05546875 0.19375
29 0.81953125 0.409375 0.059375 0.16796875