28 0.1625 0.2703125 0.08203125 0.1625
20 0.21171875 0.3625 0.0640625 0.1890625
24 0.3265625 0.3765625 0.04296875 0.2109375
29 0.84765625 0.28359375 0.0625 0.14140625
30 0.86796875 0.57109375 0.06875 0.1765625
21 0.8109375 0.37421875 0.0625 0.1828125
9 0.75390625 0.37734375 0.05859375 0.21171875
25 0.703125 0.38125 0.0390625 0.21171875
15 0.66484375 0.3921875 0.040625 0.21015625
1 0.628125 0.3921875 0.04609375 0.20625
16 0.584375 0.378125 0.03515625 0.221875
19 0.45703125 0.35 0.046875 0.2625
22 0.80859375 0.58125 0.08984375 0.20625
10 0.74921875 0.61875 0.0953125 0.21796875
26 0.67890625 0.59453125 0.0640625 0.13359375
13 0.62890625 0.63203125 0.0390625 0.2296875
2 0.6 0.64921875 0.046875 0.23125
31 0.146875 0.565625 0.078125 0.18125
23 0.2125 0.57265625 0.10546875 0.21171875
11 0.28203125 0.6109375 0.103125 0.21484375
27 0.3546875 0.62734375 0.053125 0.23515625
14 0.4015625 0.62734375 0.0453125 0.22734375
3 0.4421875 0.63359375 0.040625 0.23125
7 0.4921875 0.390625 0.0546875 0.21875
4 0.540625 0.3796875 0.04921875 0.2375
8 0.27421875 0.371875 0.071875 0.215625
12 0.36953125 0.38046875 0.059375 0.2296875
0 0.40859375 0.38671875 0.06640625 0.22109375
18 0.484375 0.62890625 0.04609375 0.20546875
5 0.50625 0.61796875 0.0359375 0.1921875
6 0.53046875 0.61796875 0.025 0.1765625
17 0.5609375 0.6375 0.03125 0.20390625