22 0.77265625 0.6359375 0.075 0.20546875
10 0.71953125 0.6765625 0.10625 0.22421875
26 0.659375 0.67109375 0.04375 0.20078125
13 0.62265625 0.6953125 0.04140625 0.215625
2 0.58515625 0.6984375 0.03359375 0.209375
17 0.55 0.6765625 0.03359375 0.16953125
6 0.51953125 0.67578125 0.03125 0.17578125
5 0.49453125 0.67578125 0.02734375 0.184375
18 0.4625 0.6765625 0.02890625 0.18203125
3 0.425 0.67421875 0.0375 0.190625
14 0.38828125 0.66953125 0.04375 0.20234375
27 0.35234375 0.66640625 0.04609375 0.20703125
11 0.29921875 0.66015625 0.08125 0.21953125
23 0.24453125 0.62578125 0.08125 0.20078125
7 0.49921875 0.45546875 0.04375 0.190625
0 0.45078125 0.4484375 0.05234375 0.21796875
12 0.38828125 0.41953125 0.06015625 0.21796875
24 0.35078125 0.41796875 0.05234375 0.20234375
8 0.30703125 0.41796875 0.06875 0.18203125
20 0.2453125 0.42265625 0.05703125 0.16171875
4 0.54453125 0.44609375 0.04375 0.23359375
1 0.58984375 0.45390625 0.04609375 0.215625
15 0.64453125 0.44453125 0.04375 0.196875
25 0.66484375 0.44453125 0.04140625 0.196875
9 0.71484375 0.42734375 0.07109375 0.18828125
21 0.77265625 0.42265625 0.05390625 0.16171875