28 0.18828125 0.3578125 0.05703125 0.1765625
20 0.2375 0.36953125 0.05703125 0.1921875
8 0.29453125 0.37734375 0.05703125 0.19453125
24 0.340625 0.378125 0.046875 0.20546875
12 0.3796875 0.378125 0.04296875 0.21328125
0 0.4140625 0.378125 0.0375 0.22109375
19 0.45 0.37578125 0.03359375 0.23515625
7 0.4859375 0.3859375 0.0390625 0.2375
4 0.52734375 0.384375 0.0390625 0.2375
16 0.56171875 0.37421875 0.04140625 0.23984375
1 0.60234375 0.37578125 0.04296875 0.24296875
15 0.64375 0.38359375 0.0390625 0.2078125
25 0.68125 0.3796875 0.0390625 0.20390625
9 0.73125 0.378125 0.05703125 0.19296875
21 0.790625 0.3640625 0.0609375 0.1921875
29 0.8421875 0.384375 0.0515625 0.16640625
31 0.14765625 0.528125 0.09453125 0.11875
23 0.2234375 0.58671875 0.08828125 0.20546875
11 0.28125 0.61171875 0.090625 0.22734375
27 0.3484375 0.62578125 0.04296875 0.22734375
14 0.3875 0.62734375 0.0390625 0.22734375
3 0.428125 0.6265625 0.0375 0.2296875
18 0.4625 0.6125 0.03125 0.17421875
5 0.48984375 0.6125 0.03125 0.1625
6 0.51953125 0.609375 0.02890625 0.15625
17 0.54453125 0.61640625 0.03359375 0.1703125
2 0.58671875 0.6375 0.059375 0.23515625
13 0.62265625 0.62578125 0.053125 0.21953125
26 0.665625 0.6296875 0.05546875 0.23125
10 0.7203125 0.62421875 0.090625 0.2296875
22 0.790625 0.59140625 0.09609375 0.20546875