28 0.228125 0.3015625 0.06953125 0.16796875
20 0.2609375 0.37578125 0.075 0.20234375
8 0.30703125 0.4171875 0.06953125 0.190625
24 0.35390625 0.42734375 0.04375 0.1828125
12 0.3875 0.43125 0.04375 0.19453125
0 0.42265625 0.41953125 0.03984375 0.26171875
19 0.4625 0.4453125 0.0359375 0.21875
7 0.49140625 0.46015625 0.0375 0.2125
4 0.53125 0.459375 0.0359375 0.21953125
16 0.56953125 0.46796875 0.02734375 0.196875
1 0.603125 0.45703125 0.0359375 0.2140625
15 0.6375 0.446875 0.04140625 0.20625
25 0.67265625 0.4390625 0.0375 0.19453125
9 0.71875 0.4359375 0.06484375 0.1875
21 0.7609375 0.41328125 0.075 0.14296875
29 0.7921875 0.303125 0.05546875 0.15546875
30 0.84609375 0.584375 0.0828125 0.16484375
22 0.78125 0.6296875 0.08125 0.18515625
10 0.72109375 0.66640625 0.090625 0.21015625
26 0.6609375 0.67734375 0.04921875 0.19296875
13 0.62421875 0.6921875 0.0359375 0.19453125
2 0.59609375 0.7078125 0.04140625 0.21875
17 0.55703125 0.6921875 0.02734375 0.190625
6 0.52109375 0.68828125 0.03359375 0.23046875
5 0.5078125 0.7078125 0.03125 0.21875
18 0.47421875 0.6921875 0.02734375 0.21875
3 0.4328125 0.6859375 0.0515625 0.21875
14 0.403125 0.66875 0.04375 0.19140625
27 0.36171875 0.659375 0.05546875 0.19296875
11 0.30078125 0.6546875 0.08671875 0.20625
23 0.23828125 0.61484375 0.08515625 0.20234375
31 0.178125 0.55703125 0.07890625 0.15390625