31 0.21171875 0.6296875 0.075 0.1375
23 0.28828125 0.6625 0.11484375 0.20625
27 0.3296875 0.76171875 0.05546875 0.14296875
14 0.3890625 0.7765625 0.0515625 0.13359375
3 0.4328125 0.8078125 0.0671875 0.14921875
18 0.4765625 0.73203125 0.03984375 0.16328125
5 0.50390625 0.73515625 0.0359375 0.16171875
6 0.53046875 0.7328125 0.0296875 0.1609375
17 0.56328125 0.73203125 0.0359375 0.1671875
2 0.61171875 0.79453125 0.06484375 0.18984375
13 0.6453125 0.75625 0.04921875 0.14453125
26 0.6984375 0.7296875 0.0609375 0.14296875
22 0.7375 0.6328125 0.10703125 0.1984375
30 0.80625 0.60546875 0.07109375 0.146875
28 0.2546875 0.33359375 0.0671875 0.1375
20 0.28359375 0.41640625 0.08125 0.20859375
24 0.33515625 0.4484375 0.04921875 0.14140625
12 0.384375 0.4078125 0.04921875 0.15546875
0 0.41796875 0.3328125 0.06484375 0.1828125
19 0.43984375 0.490625 0.05078125 0.20625
7 0.47890625 0.49921875 0.0453125 0.2359375
4 0.5375 0.50234375 0.0515625 0.24921875
16 0.58203125 0.49609375 0.04921875 0.19375
1 0.596875 0.34140625 0.0515625 0.18515625
25 0.6609375 0.36796875 0.06484375 0.13046875
21 0.7265625 0.39765625 0.08125 0.19453125
29 0.75859375 0.31640625 0.07109375 0.12734375