28 0.13359375 0.38828125 0.07734375 0.190625
20 0.19453125 0.409375 0.07578125 0.21484375
24 0.28203125 0.4265625 0.0421875 0.228125
12 0.3359375 0.42890625 0.0515625 0.26328125
0 0.3734375 0.4078125 0.04921875 0.29296875
19 0.421875 0.44140625 0.04765625 0.26640625
7 0.46328125 0.45546875 0.040625 0.23125
4 0.51171875 0.45546875 0.0484375 0.2484375
16 0.5515625 0.46796875 0.046875 0.234375
1 0.5953125 0.44140625 0.04921875 0.253125
15 0.634375 0.44609375 0.05 0.2328125
25 0.66796875 0.44453125 0.04453125 0.24296875
9 0.7203125 0.45 0.07265625 0.25859375
21 0.77890625 0.42578125 0.07421875 0.23984375
29 0.8375 0.390625 0.08046875 0.22109375
31 0.10859375 0.5640625 0.11328125 0.178125
23 0.1640625 0.63359375 0.121875 0.2203125
11 0.2421875 0.6609375 0.103125 0.23515625
27 0.30390625 0.68125 0.08515625 0.22109375
14 0.3625 0.6921875 0.06015625 0.22578125
3 0.41015625 0.6953125 0.04609375 0.21015625
18 0.45 0.68984375 0.0359375 0.19453125
5 0.48984375 0.6828125 0.03828125 0.16328125
6 0.52578125 0.68125 0.05078125 0.15234375
17 0.56328125 0.68671875 0.0484375 0.171875
2 0.596875 0.71171875 0.05625 0.25234375
13 0.6359375 0.7125 0.05703125 0.23671875
26 0.67109375 0.7109375 0.0640625 0.23359375
22 0.8109375 0.65390625 0.13359375 0.2078125
30 0.8625 0.58828125 0.11640625 0.18828125