28 0.19296875 0.2890625 0.071875 0.209375
20 0.26484375 0.29296875 0.071875 0.2296875
0 0.4265625 0.275 0.053125 0.3125
19 0.4671875 0.27265625 0.04453125 0.32109375
7 0.51484375 0.31015625 0.046875 0.25078125
4 0.55859375 0.3234375 0.0484375 0.253125
16 0.6015625 0.2921875 0.0421875 0.24921875
1 0.640625 0.28359375 0.040625 0.2703125
15 0.67890625 0.271875 0.04453125 0.2890625
25 0.71640625 0.278125 0.03828125 0.246875
9 0.7625 0.28046875 0.06328125 0.24296875
21 0.81640625 0.26328125 0.05703125 0.17890625
29 0.86796875 0.2625 0.05703125 0.11796875
30 0.83828125 0.4359375 0.12109375 0.16015625
6 0.55703125 0.5671875 0.0296875 0.1765625
17 0.5859375 0.57578125 0.03203125 0.21484375
2 0.62109375 0.60078125 0.03359375 0.2109375
26 0.69921875 0.575 0.03828125 0.22109375
5 0.52890625 0.571875 0.03203125 0.18984375
18 0.50390625 0.56328125 0.0296875 0.228125
3 0.46640625 0.57265625 0.05078125 0.246875
14 0.42578125 0.5546875 0.059375 0.21953125
27 0.38125 0.5640625 0.06796875 0.259375