30 0.8203125 0.51484375 0.09765625 0.146875
22 0.73359375 0.55 0.0875 0.21015625
10 0.66484375 0.57109375 0.0640625 0.20390625
26 0.615625 0.5953125 0.04296875 0.221875
31 0.21875 0.4734375 0.1015625 0.2
23 0.2796875 0.53828125 0.09765625 0.1984375
2 0.55546875 0.60859375 0.03515625 0.2046875
17 0.53125 0.61171875 0.0234375 0.1640625
6 0.51328125 0.59609375 0.021875 0.15546875
11 0.34140625 0.54765625 0.065625 0.1765625
27 0.384375 0.5828125 0.04921875 0.215625
14 0.4234375 0.59375 0.04921875 0.203125
3 0.45234375 0.60625 0.0375 0.20703125
18 0.46953125 0.5921875 0.025 0.184375
5 0.4921875 0.5953125 0.03046875 0.18515625
28 0.25078125 0.315625 0.059375 0.165625
20 0.29765625 0.3375 0.05078125 0.19765625
8 0.346875 0.3421875 0.0609375 0.21015625
29 0.7671875 0.3375 0.06796875 0.21328125
21 0.71875 0.334375 0.0578125 0.215625
9 0.66328125 0.34453125 0.053125 0.2390625
25 0.6203125 0.359375 0.0453125 0.22578125
15 0.59140625 0.38359375 0.034375 0.21484375
1 0.5640625 0.36328125 0.0296875 0.26796875
16 0.5390625 0.38671875 0.03359375 0.2109375
4 0.51328125 0.38359375 0.02890625 0.1921875
24 0.37890625 0.3375 0.046875 0.23203125
12 0.40703125 0.353125 0.040625 0.240625
0 0.4328125 0.35546875 0.0453125 0.26796875
19 0.4578125 0.3734375 0.04296875 0.23125
7 0.48203125 0.37265625 0.04453125 0.22109375
13 0.5828125 0.603125 0.03984375 0.209375