20 0.25625 0.39765625 0.0625 0.20234375
8 0.3203125 0.41640625 0.06953125 0.21328125
12 0.3765625 0.41171875 0.0515625 0.2265625
0 0.425 0.4140625 0.05 0.25625
19 0.46640625 0.42890625 0.04140625 0.2421875
7 0.5078125 0.43828125 0.04140625 0.23125
4 0.5484375 0.425 0.04140625 0.25234375
16 0.5890625 0.434375 0.0390625 0.228125
1 0.6265625 0.4265625 0.04140625 0.24375
15 0.67109375 0.4234375 0.0515625 0.22421875
9 0.725 0.42109375 0.06484375 0.22265625
21 0.7875 0.4125 0.06484375 0.20546875
22 0.7828125 0.6328125 0.10625 0.19609375
10 0.703125 0.67265625 0.078125 0.20234375
13 0.6453125 0.68359375 0.04296875 0.21953125
2 0.60859375 0.7 0.034375 0.24765625
17 0.5734375 0.68359375 0.03046875 0.20234375
6 0.54453125 0.67890625 0.028125 0.19375
23 0.25859375 0.62265625 0.11015625 0.1984375
11 0.3390625 0.65 0.09765625 0.17421875
5 0.51328125 0.67890625 0.03125 0.1984375
18 0.48359375 0.68125 0.0328125 0.20234375
3 0.44609375 0.6875 0.04296875 0.24453125
14 0.41015625 0.68359375 0.04140625 0.25