31 0.134375 0.5953125 0.06875 0.12578125
23 0.1953125 0.6359375 0.109375 0.21015625
11 0.2765625 0.68203125 0.1015625 0.21328125
27 0.33828125 0.72421875 0.05078125 0.23671875
14 0.38125 0.70390625 0.046875 0.20859375
3 0.428125 0.703125 0.05078125 0.21875
18 0.465625 0.69140625 0.03671875 0.17109375
5 0.49453125 0.70078125 0.0265625 0.125
6 0.5265625 0.70078125 0.0328125 0.1453125
17 0.553125 0.6953125 0.040625 0.1796875
2 0.590625 0.70390625 0.04296875 0.24453125
13 0.62578125 0.69375 0.04453125 0.2203125
26 0.6921875 0.70546875 0.0953125 0.18359375
10 0.7296875 0.6578125 0.10546875 0.2140625
22 0.8 0.60234375 0.10390625 0.2
30 0.84921875 0.55859375 0.0609375 0.12890625
29 0.8046875 0.2828125 0.06484375 0.12265625
21 0.778125 0.38359375 0.0734375 0.1859375
9 0.7265625 0.42421875 0.06328125 0.20625
25 0.675 0.43046875 0.04453125 0.23046875
15 0.6390625 0.43359375 0.034375 0.2328125
1 0.59765625 0.41796875 0.03671875 0.24296875
16 0.56875 0.4484375 0.03671875 0.2390625
4 0.52734375 0.46171875 0.04296875 0.24453125
7 0.4765625 0.46171875 0.03828125 0.23671875
19 0.4359375 0.453125 0.03828125 0.2265625
28 0.18125 0.309375 0.06875 0.11875
20 0.203125 0.42109375 0.0734375 0.18359375
8 0.2609375 0.43515625 0.0671875 0.2203125
24 0.3171875 0.4484375 0.0484375 0.22265625
12 0.3578125 0.43515625 0.040625 0.25703125
0 0.39765625 0.4265625 0.03828125 0.27109375