11 0.240625 0.61640625 0.10234375 0.18515625
27 0.32265625 0.659375 0.05390625 0.21484375
14 0.37734375 0.6578125 0.04609375 0.20703125
3 0.42890625 0.6546875 0.05 0.2140625
18 0.48125 0.640625 0.03828125 0.18125
5 0.51171875 0.64140625 0.028125 0.1828125
6 0.5453125 0.6265625 0.034375 0.1453125
17 0.57734375 0.628125 0.034375 0.14921875
2 0.62421875 0.66875 0.04375 0.2328125
13 0.6640625 0.6484375 0.04375 0.19296875
26 0.71328125 0.653125 0.05390625 0.21484375
10 0.778125 0.634375 0.084375 0.21328125
22 0.84375 0.58671875 0.08828125 0.18125
20 0.22265625 0.38046875 0.06171875 0.1890625
8 0.28515625 0.40703125 0.06171875 0.178125
24 0.3390625 0.40390625 0.04609375 0.1921875
12 0.37734375 0.39375 0.04609375 0.23125
0 0.41875 0.39375 0.04609375 0.259375
19 0.46015625 0.39453125 0.03984375 0.22890625
7 0.49765625 0.40859375 0.04375 0.2328125
4 0.5421875 0.421875 0.03984375 0.203125
16 0.578125 0.41953125 0.04375 0.190625
1 0.6203125 0.3953125 0.04375 0.2390625
15 0.659375 0.4171875 0.04609375 0.175
25 0.70078125 0.39765625 0.04609375 0.19921875
9 0.75390625 0.3953125 0.0640625 0.175
21 0.81875 0.36640625 0.06171875 0.20078125