31 0.178125 0.603125 0.11875 0.16015625
10 0.68515625 0.70234375 0.09140625 0.196875
26 0.62421875 0.7140625 0.04375 0.190625
13 0.58046875 0.7046875 0.04375 0.18828125
2 0.54609375 0.71640625 0.04140625 0.17421875
17 0.51015625 0.71171875 0.02890625 0.15625
6 0.48125 0.7046875 0.02890625 0.14296875
5 0.45546875 0.7109375 0.03125 0.15546875
18 0.43203125 0.7078125 0.03125 0.15703125
3 0.39140625 0.73359375 0.05 0.21328125
14 0.36015625 0.70234375 0.05859375 0.196875
27 0.325 0.69921875 0.05 0.21171875
20 0.21875 0.42890625 0.05390625 0.19453125
8 0.26875 0.44453125 0.05390625 0.209375
24 0.31484375 0.43984375 0.0375 0.21796875
0 0.38046875 0.44765625 0.04375 0.253125
19 0.41484375 0.48359375 0.04609375 0.20078125
7 0.446875 0.47734375 0.04375 0.25546875
4 0.48984375 0.484375 0.04140625 0.24765625
16 0.528125 0.4921875 0.03515625 0.209375
1 0.56484375 0.4734375 0.0375 0.234375
9 0.6625 0.46171875 0.0625 0.21171875
21 0.72421875 0.45390625 0.05625 0.215625