8 0.278125 0.44453125 0.0640625 0.209375
24 0.33125 0.44765625 0.0375 0.2
12 0.3640625 0.4515625 0.040625 0.21953125
0 0.39921875 0.44765625 0.0296875 0.18828125
19 0.43671875 0.43828125 0.025 0.19609375
7 0.48125 0.425 0.0296875 0.221875
9 0.67265625 0.41328125 0.05625 0.2140625
14 0.37421875 0.6921875 0.040625 0.22734375
3 0.40546875 0.70078125 0.0375 0.22578125
18 0.4421875 0.6984375 0.0375 0.17890625
5 0.47578125 0.69453125 0.040625 0.1984375
6 0.50859375 0.67890625 0.04375 0.17890625
17 0.540625 0.6859375 0.03515625 0.2078125
2 0.575 0.6921875 0.0328125 0.22734375
13 0.615625 0.6890625 0.05859375 0.22578125