31 0.1953125 0.6125 0.0890625 0.19375
23 0.26171875 0.66640625 0.08359375 0.209375
11 0.3265625 0.64609375 0.0734375 0.12578125
30 0.80234375 0.63671875 0.08515625 0.19375
22 0.73828125 0.67109375 0.08359375 0.203125
10 0.67421875 0.6421875 0.0515625 0.1140625
27 0.38125 0.671875 0.04765625 0.18515625
3 0.42265625 0.6671875 0.04765625 0.20703125
18 0.46328125 0.6671875 0.0296875 0.171875
5 0.49375 0.6609375 0.03203125 0.16796875
6 0.5234375 0.66015625 0.03203125 0.165625
17 0.55546875 0.6625 0.03203125 0.165625
2 0.590625 0.6703125 0.0375 0.20234375
26 0.62890625 0.66953125 0.03984375 0.159375
28 0.2546875 0.43828125 0.05390625 0.18125
20 0.3078125 0.44921875 0.0515625 0.18359375
21 0.72109375 0.4390625 0.0578125 0.19921875
29 0.77578125 0.425 0.05546875 0.18359375
24 0.353125 0.46484375 0.04375 0.171875
12 0.3921875 0.434375 0.04140625 0.23671875
0 0.42890625 0.4421875 0.0359375 0.18984375
19 0.46796875 0.43515625 0.04375 0.2390625
7 0.515625 0.4328125 0.03984375 0.22734375
4 0.55234375 0.43203125 0.0390625 0.19765625
1 0.590625 0.42421875 0.0375 0.22890625
15 0.63125 0.42890625 0.04765625 0.2234375
25 0.671875 0.42890625 0.0375 0.23046875