28 0.27109375 0.12265625 0.06328125 0.14296875
20 0.29375 0.2546875 0.08671875 0.21328125
8 0.3484375 0.2859375 0.078125 0.24140625
24 0.4046875 0.296875 0.059375 0.28515625
12 0.434375 0.33515625 0.0296875 0.246875
0 0.4609375 0.28828125 0.040625 0.30625
19 0.50625 0.30234375 0.059375 0.33828125
7 0.540625 0.31484375 0.046875 0.33359375
4 0.584375 0.3734375 0.0421875 0.22109375
16 0.61796875 0.31796875 0.05703125 0.29375
1 0.65234375 0.28046875 0.0421875 0.29765625
15 0.6875 0.3375 0.03203125 0.2
25 0.71796875 0.2953125 0.05078125 0.2296875
9 0.77109375 0.2734375 0.0765625 0.2375
29 0.83671875 0.1109375 0.071875 0.14921875
21 0.82421875 0.24609375 0.0765625 0.19609375
30 0.9234375 0.41796875 0.0765625 0.140625
22 0.86015625 0.46640625 0.1140625 0.22109375
10 0.78203125 0.5484375 0.1109375 0.25703125
26 0.7234375 0.5828125 0.07421875 0.2296875
13 0.68125 0.60859375 0.06171875 0.21328125
2 0.6390625 0.634375 0.053125 0.24296875
17 0.59453125 0.6359375 0.0359375 0.234375
6 0.56875 0.6140625 0.02734375 0.2109375
5 0.53671875 0.59921875 0.03203125 0.23203125
18 0.50625 0.6203125 0.03359375 0.1984375
3 0.4671875 0.63046875 0.04453125 0.21953125
14 0.4265625 0.6140625 0.05703125 0.2359375
27 0.37421875 0.58984375 0.06953125 0.19609375
11 0.31875 0.56640625 0.125 0.2640625
23 0.24921875 0.47578125 0.11640625 0.2234375
31 0.1875 0.42109375 0.078125 0.15546875