23 0.20859375 0.6265625 0.084375 0.190625
11 0.2765625 0.66015625 0.1078125 0.21796875
27 0.33671875 0.6828125 0.059375 0.225
14 0.37890625 0.6921875 0.05390625 0.23125
3 0.42109375 0.70078125 0.05 0.2296875
18 0.46328125 0.69375 0.03125 0.203125
5 0.49765625 0.6828125 0.04140625 0.16953125
6 0.52265625 0.68125 0.0375 0.1625
17 0.5546875 0.68984375 0.0390625 0.1765625
2 0.5921875 0.71953125 0.04296875 0.2359375
13 0.6359375 0.72421875 0.0453125 0.22109375
26 0.675 0.72109375 0.0609375 0.2421875
10 0.7328125 0.68359375 0.08984375 0.2265625
30 0.82890625 0.62578125 0.07890625 0.1734375
20 0.25 0.42421875 0.06484375 0.18125
8 0.3109375 0.446875 0.0671875 0.20078125
12 0.3640625 0.43671875 0.04765625 0.21484375
0 0.4046875 0.45390625 0.04609375 0.2078125
19 0.4453125 0.45859375 0.0546875 0.20234375
7 0.4890625 0.459375 0.0453125 0.21328125
4 0.5359375 0.4640625 0.0421875 0.2375
16 0.5828125 0.4609375 0.0453125 0.23203125
1 0.615625 0.459375 0.04375 0.23125
15 0.65078125 0.45859375 0.046875 0.21484375
25 0.684375 0.4421875 0.040625 0.225
9 0.734375 0.4359375 0.05859375 0.20390625
21 0.78671875 0.43515625 0.05859375 0.184375