28 0.18828125 0.4375 0.0765625 0.16015625
20 0.22265625 0.49296875 0.06640625 0.18125
8 0.2796875 0.5109375 0.06640625 0.1765625
24 0.3296875 0.5046875 0.03515625 0.190625
12 0.365625 0.4953125 0.04296875 0.21953125
0 0.4046875 0.4890625 0.0390625 0.2203125
19 0.44375 0.48359375 0.0390625 0.2125
7 0.4828125 0.48828125 0.0390625 0.2109375
4 0.52421875 0.48515625 0.0375 0.2171875
16 0.56875 0.4890625 0.04296875 0.19375
1 0.5984375 0.49140625 0.0328125 0.1890625
15 0.634375 0.49296875 0.0390625 0.1859375
25 0.671875 0.49140625 0.03515625 0.178125
9 0.71953125 0.49375 0.0640625 0.17578125
21 0.77734375 0.49140625 0.0546875 0.1625
29 0.8015625 0.396875 0.06875 0.1171875
31 0.1703125 0.69140625 0.078125 0.19921875
23 0.228125 0.71171875 0.0859375 0.2046875
11 0.3015625 0.7328125 0.084375 0.1875
27 0.36640625 0.74296875 0.0453125 0.209375
14 0.4046875 0.73828125 0.0390625 0.203125
3 0.44375 0.71484375 0.03515625 0.1953125
18 0.48359375 0.7078125 0.040625 0.159375
5 0.503125 0.70234375 0.0375 0.15703125
6 0.52734375 0.6921875 0.02734375 0.146875
17 0.55390625 0.70625 0.025 0.1734375
2 0.584375 0.72265625 0.03125 0.21875
13 0.6203125 0.73046875 0.0328125 0.21484375
26 0.6546875 0.73125 0.03515625 0.225
10 0.70703125 0.7171875 0.06640625 0.1875
22 0.7796875 0.69375 0.078125 0.1953125
30 0.8265625 0.6703125 0.05859375 0.17578125