28 0.2140625 0.32734375 0.08671875 0.1265625
20 0.23671875 0.41640625 0.06953125 0.1953125
8 0.29453125 0.4390625 0.065625 0.21640625
24 0.3375 0.446875 0.03359375 0.225
12 0.37421875 0.44921875 0.0375 0.2140625
0 0.41484375 0.42109375 0.04765625 0.24296875
19 0.46171875 0.44296875 0.04765625 0.2171875
7 0.49296875 0.45703125 0.040625 0.22109375
4 0.53203125 0.453125 0.04765625 0.234375
16 0.57265625 0.4453125 0.046875 0.24140625
1 0.60703125 0.4390625 0.05 0.23203125
25 0.67734375 0.440625 0.04453125 0.209375
9 0.73046875 0.45078125 0.0625 0.20546875
21 0.7859375 0.44453125 0.07109375 0.1734375
29 0.803125 0.33515625 0.0828125 0.1265625
31 0.17109375 0.5578125 0.09140625 0.1625
23 0.2296875 0.60703125 0.1109375 0.14296875
27 0.34453125 0.67421875 0.06328125 0.2078125
14 0.3890625 0.68125 0.04609375 0.20625
3 0.42734375 0.6859375 0.04140625 0.22578125
18 0.46953125 0.6796875 0.04765625 0.190625
5 0.49921875 0.678125 0.03203125 0.17578125
6 0.52421875 0.6765625 0.03203125 0.17578125
17 0.55234375 0.66953125 0.0375 0.16171875
2 0.59609375 0.6921875 0.03828125 0.23125
13 0.6296875 0.66796875 0.0484375 0.18203125
26 0.6796875 0.67578125 0.04609375 0.20625
30 0.82890625 0.596875 0.0875 0.1421875