31 0.19453125 0.5984375 0.06484375 0.1296875
23 0.24609375 0.6359375 0.10859375 0.2125
11 0.31015625 0.68125 0.0828125 0.23203125
27 0.36796875 0.6859375 0.04375 0.20625
14 0.40625 0.696875 0.0375 0.2203125
3 0.446875 0.7046875 0.0359375 0.2203125
18 0.48046875 0.6984375 0.0234375 0.17890625
5 0.5125 0.6953125 0.01796875 0.16875
6 0.54609375 0.696875 0.021875 0.18515625
17 0.575 0.69609375 0.01953125 0.19453125
2 0.6046875 0.70234375 0.02734375 0.2265625
13 0.634375 0.6953125 0.03125 0.2203125
26 0.66796875 0.6875 0.0359375 0.196875
10 0.7234375 0.67109375 0.0828125 0.2203125
22 0.77890625 0.628125 0.0984375 0.20078125
30 0.82890625 0.59765625 0.06484375 0.12734375
29 0.784375 0.33125 0.04765625 0.12578125
21 0.75625 0.4375 0.05234375 0.16015625
9 0.71171875 0.4265625 0.05546875 0.23203125
25 0.67578125 0.4375 0.0359375 0.22265625
15 0.63984375 0.446875 0.040625 0.21875
1 0.6015625 0.45078125 0.03359375 0.2375
16 0.56953125 0.4515625 0.02734375 0.2390625
4 0.534375 0.45625 0.03359375 0.2203125
7 0.496875 0.45625 0.03359375 0.22421875
19 0.46328125 0.4546875 0.0296875 0.2328125
28 0.23828125 0.32421875 0.053125 0.12265625
20 0.26484375 0.4125 0.059375 0.2046875
0 0.42109375 0.43203125 0.03984375 0.2796875
12 0.38359375 0.45 0.0359375 0.2125
24 0.35546875 0.4484375 0.04609375 0.2125
8 0.31328125 0.44140625 0.05703125 0.18671875