30 0.825 0.6234375 0.0640625 0.1296875
22 0.77421875 0.66875 0.0921875 0.1921875
10 0.7140625 0.72109375 0.0921875 0.2078125
26 0.6609375 0.7453125 0.0609375 0.221875
13 0.62109375 0.746875 0.046875 0.215625
2 0.58515625 0.7484375 0.0375 0.22734375
17 0.55 0.73671875 0.0296875 0.2
31 0.1734375 0.5890625 0.078125 0.13203125
23 0.23125 0.63828125 0.103125 0.19453125
11 0.28828125 0.6921875 0.1078125 0.2078125
27 0.353125 0.7171875 0.0546875 0.2109375
14 0.4 0.721875 0.0390625 0.21796875
28 0.2390625 0.34296875 0.0765625 0.15546875
20 0.26953125 0.421875 0.07421875 0.1953125
8 0.321875 0.4546875 0.06640625 0.19921875
29 0.771875 0.375 0.0828125 0.1125
21 0.74765625 0.4546875 0.07578125 0.16953125
9 0.70234375 0.4625 0.06875 0.225
25 0.66171875 0.46953125 0.05 0.23046875
15 0.6265625 0.47265625 0.05234375 0.23671875
1 0.6015625 0.47890625 0.0390625 0.2265625
16 0.56640625 0.47890625 0.04140625 0.2421875
4 0.53203125 0.4921875 0.04765625 0.2375
7 0.49609375 0.490625 0.046875 0.234375
19 0.4625 0.478125 0.0421875 0.23203125
0 0.42578125 0.46875 0.05390625 0.21328125
12 0.39921875 0.46796875 0.040625 0.20859375
24 0.3671875 0.4640625 0.06171875 0.21640625
3 0.43515625 0.7171875 0.05703125 0.21875
18 0.47734375 0.728125 0.05625 0.19375
5 0.5015625 0.72265625 0.03359375 0.19921875
6 0.521875 0.73046875 0.04609375 0.1984375