28 0.21640625 0.25390625 0.06953125 0.1109375
20 0.25703125 0.33671875 0.096875 0.2296875
8 0.31875 0.35859375 0.06328125 0.2359375
24 0.37109375 0.3609375 0.04609375 0.253125
12 0.41640625 0.3609375 0.053125 0.27421875
0 0.46015625 0.36484375 0.05078125 0.2953125
19 0.509375 0.37265625 0.05703125 0.29296875
7 0.53828125 0.38984375 0.0421875 0.28828125
4 0.58359375 0.3921875 0.04453125 0.29921875
16 0.62109375 0.43046875 0.02734375 0.21953125
1 0.66171875 0.421875 0.04453125 0.21953125
15 0.6984375 0.41328125 0.0421875 0.2109375
25 0.73828125 0.38359375 0.03828125 0.24453125
9 0.7859375 0.3765625 0.05703125 0.23828125
21 0.83828125 0.359375 0.065625 0.20859375
29 0.865625 0.29140625 0.0578125 0.1015625
31 0.1515625 0.51875 0.071875 0.14375
23 0.21796875 0.58203125 0.11171875 0.2109375
11 0.29140625 0.6359375 0.10546875 0.234375
27 0.35703125 0.646875 0.05390625 0.2296875
14 0.40625 0.64765625 0.05703125 0.21953125
3 0.45859375 0.65390625 0.0625 0.20234375
18 0.50703125 0.646875 0.02734375 0.15390625
5 0.53984375 0.65390625 0.0296875 0.16484375
6 0.571875 0.65859375 0.02109375 0.17265625
17 0.6015625 0.66875 0.0296875 0.18125
2 0.6453125 0.678125 0.05390625 0.21328125
13 0.678125 0.66328125 0.03984375 0.18359375
26 0.71640625 0.6515625 0.03984375 0.18984375
10 0.78203125 0.646875 0.090625 0.2171875
22 0.8484375 0.6015625 0.096875 0.2109375
30 0.9 0.5609375 0.065625 0.12265625