8 0.23125 0.34921875 0.06171875 0.21015625
24 0.28046875 0.35859375 0.03984375 0.2
0 0.36875 0.3890625 0.04609375 0.2609375
19 0.409375 0.38203125 0.0484375 0.25078125
7 0.45546875 0.38671875 0.053125 0.259375
12 0.32578125 0.43125 0.06171875 0.1109375
4 0.51640625 0.38125 0.04921875 0.27890625
16 0.5578125 0.36875 0.0453125 0.2390625
1 0.603125 0.3484375 0.0453125 0.28359375
15 0.64140625 0.3484375 0.06015625 0.25625
25 0.68125 0.3609375 0.05 0.215625
9 0.734375 0.35 0.065625 0.19375
23 0.20078125 0.55 0.13203125 0.2078125
11 0.26328125 0.5828125 0.11796875 0.22734375
27 0.31328125 0.61640625 0.071875 0.23046875
22 0.7578125 0.52265625 0.09921875 0.20859375
10 0.6890625 0.57421875 0.11171875 0.20703125
26 0.6375 0.60546875 0.08515625 0.2109375
13 0.5953125 0.61796875 0.046875 0.253125
2 0.56328125 0.61875 0.059375 0.24921875