28 0.196875 0.38671875 0.04921875 0.20390625
20 0.25 0.38671875 0.05703125 0.1796875
8 0.30859375 0.39921875 0.059375 0.184375
24 0.359375 0.40234375 0.04296875 0.2140625
12 0.4015625 0.40234375 0.0453125 0.22265625
0 0.44140625 0.4109375 0.046875 0.24765625
7 0.496875 0.43515625 0.04296875 0.2265625
4 0.55546875 0.44609375 0.0453125 0.2203125
1 0.6125 0.44453125 0.040625 0.2328125
15 0.65390625 0.4484375 0.0453125 0.21640625
25 0.69296875 0.4296875 0.03671875 0.2203125
9 0.74296875 0.4421875 0.05546875 0.18359375
21 0.79921875 0.4171875 0.053125 0.19140625
29 0.84609375 0.3890625 0.053125 0.184375
30 0.85625 0.56953125 0.09453125 0.18359375
22 0.79609375 0.62109375 0.0921875 0.18984375
10 0.7328125 0.65859375 0.0921875 0.21015625
26 0.6703125 0.6578125 0.05703125 0.184375
13 0.62578125 0.6734375 0.0515625 0.2
2 0.58828125 0.67265625 0.03671875 0.18984375
17 0.5546875 0.66171875 0.03515625 0.1671875
6 0.5265625 0.65546875 0.02890625 0.1671875
5 0.49765625 0.65234375 0.03671875 0.1609375
18 0.47265625 0.6484375 0.03046875 0.16484375
3 0.4375 0.646875 0.046875 0.1875
14 0.40078125 0.6359375 0.06328125 0.18984375
27 0.36484375 0.61640625 0.06953125 0.1796875
11 0.309375 0.6109375 0.08984375 0.19375
23 0.25 0.578125 0.0859375 0.18515625