20 0.24765625 0.35859375 0.05859375 0.221875
8 0.31015625 0.37890625 0.06953125 0.21953125
24 0.35703125 0.37265625 0.0375 0.2125
12 0.3875 0.40078125 0.05234375 0.209375
0 0.43046875 0.4140625 0.0375 0.1984375
19 0.46875 0.4171875 0.03359375 0.18828125
7 0.509375 0.415625 0.03984375 0.2140625
4 0.55390625 0.41953125 0.03984375 0.2046875
16 0.590625 0.42734375 0.03359375 0.1984375
1 0.62734375 0.42265625 0.03984375 0.2109375
15 0.66171875 0.41640625 0.04609375 0.20703125
25 0.69921875 0.41875 0.05078125 0.2109375
9 0.75390625 0.41875 0.06328125 0.20234375
21 0.8171875 0.38671875 0.05859375 0.2109375
31 0.19609375 0.5078125 0.09453125 0.17578125
23 0.25390625 0.58359375 0.096875 0.2171875
11 0.3375 0.6046875 0.11171875 0.1921875
27 0.38515625 0.61953125 0.0484375 0.18359375
14 0.41875 0.6328125 0.0484375 0.1859375
3 0.45390625 0.62578125 0.05078125 0.1921875
18 0.4875 0.6328125 0.0421875 0.17734375
5 0.51484375 0.63203125 0.03046875 0.15859375
6 0.54296875 0.6296875 0.02734375 0.1625
17 0.56953125 0.63203125 0.03359375 0.1796875
2 0.60078125 0.63984375 0.03359375 0.1921875
13 0.63203125 0.63046875 0.0375 0.18515625
26 0.66875 0.6359375 0.03984375 0.19609375
10 0.728125 0.62578125 0.0859375 0.19609375
22 0.80703125 0.60625 0.1046875 0.20078125
30 0.871875 0.5421875 0.096875 0.18203125