23 0.21171875 0.61015625 0.1140625 0.23828125
11 0.28984375 0.65234375 0.115625 0.253125
27 0.359375 0.6640625 0.0796875 0.2078125
14 0.40859375 0.6796875 0.07109375 0.1984375
3 0.4484375 0.69765625 0.06875 0.184375
18 0.50234375 0.65546875 0.04296875 0.1140625
5 0.5375 0.653125 0.03203125 0.10078125
6 0.5734375 0.6734375 0.03359375 0.0984375
17 0.60703125 0.68671875 0.04296875 0.171875
2 0.65625 0.703125 0.071875 0.1953125
13 0.690625 0.67890625 0.0640625 0.18671875
26 0.73046875 0.6734375 0.06640625 0.21015625
30 0.934375 0.5953125 0.0921875 0.20390625
22 0.8640625 0.615625 0.10078125 0.24453125
10 0.7921875 0.65703125 0.103125 0.240625
28 0.19453125 0.2703125 0.0625 0.20625
20 0.2390625 0.3640625 0.075 0.21640625
8 0.2984375 0.39921875 0.0640625 0.19765625
21 0.846875 0.36484375 0.0625 0.2234375
24 0.35703125 0.40859375 0.05390625 0.22109375
9 0.7921875 0.39296875 0.0640625 0.2234375
12 0.39921875 0.41796875 0.03671875 0.228125
0 0.45 0.415625 0.03671875 0.275
19 0.50234375 0.428125 0.03671875 0.2421875
7 0.5390625 0.428125 0.02890625 0.26171875
4 0.58203125 0.42421875 0.03671875 0.27734375
16 0.625 0.428125 0.04453125 0.27734375
1 0.66796875 0.42265625 0.040625 0.26171875
15 0.71015625 0.41484375 0.04296875 0.26171875
25 0.740625 0.4140625 0.05234375 0.23984375
29 0.88515625 0.26953125 0.04921875 0.165625
31 0.1359375 0.58828125 0.10546875 0.19765625