7 0.487288 0.466013 0.032551 0.226900
19 0.458087 0.460747 0.033508 0.241261
0 0.432238 0.460269 0.039253 0.253707
12 0.411175 0.449737 0.037338 0.236474
24 0.381975 0.434419 0.034466 0.211582
8 0.346073 0.435855 0.046912 0.199136
20 0.302991 0.416708 0.048827 0.176159
4 0.514094 0.453567 0.045954 0.251792
16 0.548560 0.449259 0.038295 0.235517
1 0.572495 0.446386 0.040210 0.210625
15 0.597865 0.440163 0.037338 0.200093
25 0.623715 0.436334 0.043082 0.179031
9 0.655787 0.421494 0.055528 0.176159
21 0.695040 0.416229 0.057443 0.156054
29 0.727112 0.410006 0.054571 0.128290
6 0.513170 0.669457 0.046912 0.168500
17 0.536626 0.680467 0.040210 0.163713
2 0.568698 0.675201 0.050741 0.193392
13 0.597420 0.670414 0.046912 0.189562
26 0.630928 0.665149 0.060315 0.215412
10 0.672096 0.632119 0.077548 0.181903
22 0.712306 0.592388 0.067974 0.167542
30 0.758260 0.562230 0.069889 0.160841
5 0.470566 0.672808 0.040210 0.165628
18 0.447110 0.681903 0.037338 0.181903
3 0.415995 0.666585 0.036381 0.189562
14 0.381530 0.668978 0.038295 0.217326
11 0.340362 0.649831 0.076591 0.215412
23 0.292972 0.624460 0.073719 0.189562