7 0.485708 0.454524 0.035423 0.219241
19 0.461295 0.448780 0.024892 0.202008
0 0.441189 0.434898 0.019148 0.222113
12 0.416776 0.424845 0.029679 0.209667
24 0.398586 0.424367 0.037338 0.183818
8 0.363163 0.411921 0.050741 0.183818
20 0.319602 0.393730 0.044040 0.172329
28 0.280828 0.342989 0.058400 0.162755
4 0.513951 0.454046 0.022977 0.233602
16 0.537407 0.442078 0.025849 0.219241
1 0.563735 0.418622 0.021062 0.245090
15 0.579532 0.421973 0.027764 0.224985
25 0.610647 0.427717 0.028722 0.198179
9 0.642719 0.405219 0.043082 0.220198
21 0.684844 0.401868 0.050741 0.179031
29 0.722661 0.379370 0.051699 0.141693
6 0.516823 0.657490 0.024892 0.127332
17 0.533098 0.650788 0.017233 0.136906
2 0.555597 0.660841 0.023935 0.168500
13 0.583840 0.661989 0.024892 0.205263
26 0.609689 0.636427 0.034466 0.196264
10 0.651814 0.625896 0.076591 0.209667
22 0.694418 0.594302 0.071804 0.196264
30 0.737021 0.561751 0.067017 0.175201
5 0.500547 0.656532 0.022977 0.136906
18 0.479485 0.654618 0.028722 0.152224
3 0.456508 0.655096 0.026807 0.172329
14 0.434488 0.646480 0.032551 0.166585
27 0.409117 0.637863 0.043082 0.216369
11 0.363163 0.612014 0.081378 0.206795
23 0.312900 0.578984 0.080420 0.192434
31 0.263116 0.510531 0.078506 0.176159