7 0.481974 0.456822 0.036859 0.200093
19 0.455646 0.447344 0.030541 0.210625
0 0.430898 0.455242 0.033700 0.190615
12 0.408255 0.456295 0.032647 0.186403
24 0.384034 0.457349 0.032647 0.177978
8 0.348227 0.458928 0.049497 0.176925
20 0.314527 0.452609 0.034753 0.170606
28 0.275562 0.433127 0.043178 0.156915
4 0.512515 0.455769 0.028434 0.197987
16 0.539369 0.454189 0.023169 0.167447
1 0.565171 0.446291 0.020009 0.187456
15 0.588866 0.449450 0.029487 0.193775
25 0.610455 0.453663 0.032647 0.176925
9 0.642575 0.456295 0.035806 0.180084
21 0.682594 0.455242 0.037912 0.165340
29 0.714714 0.449450 0.038966 0.132693
6 0.513041 0.643225 0.023169 0.153756
17 0.531471 0.657968 0.017903 0.183243
2 0.547794 0.668500 0.023169 0.204306
13 0.573069 0.673765 0.021062 0.195881
26 0.593605 0.685350 0.028434 0.227475
10 0.633097 0.674292 0.058975 0.201146
22 0.676275 0.648490 0.061081 0.179031
30 0.723139 0.633747 0.049497 0.166393
5 0.492505 0.641645 0.015797 0.135853
18 0.473022 0.650597 0.021062 0.170606
3 0.453540 0.662708 0.011584 0.175872
14 0.439849 0.662181 0.022116 0.179031
27 0.416154 0.669553 0.027381 0.187456
11 0.379821 0.672186 0.049497 0.194828
23 0.326112 0.656389 0.057922 0.184297
31 0.287146 0.626901 0.053709 0.159022