7 0.491756 0.452504 0.045179 0.238638
19 0.447735 0.452504 0.035911 0.187667
0 0.411824 0.440341 0.038228 0.225895
12 0.381704 0.437444 0.040545 0.199251
24 0.352164 0.436865 0.032436 0.181874
8 0.315674 0.435707 0.049813 0.174924
20 0.276866 0.413697 0.041704 0.177241
28 0.242692 0.407325 0.040545 0.150597
4 0.533459 0.460613 0.033595 0.215469
16 0.571688 0.469301 0.026644 0.191142
1 0.605282 0.460034 0.026644 0.221261
15 0.630768 0.461192 0.038228 0.188825
25 0.662046 0.458876 0.028961 0.181874
9 0.701433 0.457717 0.040545 0.184191
21 0.739082 0.431073 0.048654 0.186508
29 0.768043 0.419489 0.048654 0.137854
6 0.511449 0.679557 0.022010 0.150597
17 0.532880 0.677241 0.020852 0.185350
2 0.557207 0.693459 0.020852 0.192300
13 0.587906 0.695196 0.026644 0.195776
26 0.612812 0.690563 0.034753 0.186508
10 0.656833 0.676082 0.060239 0.194617
22 0.707804 0.656389 0.064872 0.187667
30 0.765147 0.611210 0.079932 0.088041
5 0.490597 0.676082 0.022010 0.155230
18 0.463374 0.673765 0.030119 0.199251
3 0.435572 0.681874 0.030119 0.194617
14 0.411245 0.681874 0.032436 0.217786
27 0.378808 0.660443 0.044021 0.172607
11 0.327837 0.659864 0.060239 0.183033
23 0.291346 0.636116 0.059080 0.188825
31 0.235742 0.596150 0.084566 0.101942