7 0.495138 0.574098 0.025275 0.200093
19 0.470390 0.540398 0.017903 0.208518
0 0.452487 0.534079 0.017903 0.212731
12 0.435110 0.519335 0.023169 0.206412
24 0.409309 0.518809 0.030541 0.199040
8 0.375609 0.511963 0.043178 0.172712
20 0.335590 0.493534 0.041072 0.167447
4 0.513568 0.565146 0.020009 0.209571
16 0.533577 0.569885 0.022116 0.191668
1 0.548847 0.542504 0.021062 0.214837
15 0.572543 0.530920 0.020009 0.185350
25 0.598344 0.521442 0.029487 0.187456
9 0.624146 0.521442 0.034753 0.170606
21 0.658372 0.500379 0.048444 0.155862
29 0.680488 0.443510 0.050550 0.113737
6 0.500404 0.752076 0.014744 0.122162
17 0.520413 0.751022 0.021062 0.130587
2 0.544108 0.767872 0.013691 0.155862
13 0.560432 0.763660 0.025275 0.181137
26 0.580441 0.758394 0.031594 0.185350
10 0.619407 0.738911 0.071612 0.180084
22 0.659952 0.716796 0.078984 0.175872
30 0.714714 0.646237 0.087409 0.123215
5 0.481447 0.751549 0.012637 0.148490
18 0.470916 0.753129 0.018956 0.151650
3 0.456173 0.766819 0.018956 0.162181
14 0.440376 0.753655 0.027381 0.186403
27 0.417207 0.745230 0.037912 0.199040
11 0.379295 0.724168 0.067400 0.186403
23 0.335063 0.698893 0.067400 0.177978
31 0.285040 0.634126 0.076878 0.128481