7 0.483554 0.440642 0.032551 0.202966
19 0.459140 0.426760 0.025849 0.198179
0 0.433770 0.426281 0.026807 0.210625
12 0.407920 0.424845 0.034466 0.198179
24 0.382071 0.432026 0.034466 0.187647
8 0.350477 0.439206 0.051699 0.177116
20 0.306916 0.444950 0.052656 0.161798
28 0.270536 0.447823 0.046912 0.165628
4 0.514190 0.431547 0.028722 0.196264
16 0.531902 0.436334 0.033508 0.182860
1 0.559666 0.433940 0.029679 0.179988
15 0.580728 0.432026 0.041168 0.176159
25 0.608971 0.449259 0.044040 0.164670
9 0.648224 0.413835 0.045954 0.216369
21 0.683647 0.420537 0.049784 0.197221
29 0.715719 0.400432 0.043082 0.164670
6 0.508446 0.675201 0.022977 0.264238
17 0.529029 0.672329 0.025849 0.268068
2 0.545784 0.671851 0.026807 0.259451
13 0.568761 0.667064 0.038295 0.244133
26 0.596046 0.669936 0.044997 0.224985
10 0.632427 0.648873 0.067974 0.207752
22 0.684604 0.640257 0.080420 0.196264
30 0.729602 0.576591 0.086165 0.158926
5 0.490734 0.672329 0.023935 0.254664
18 0.472544 0.668978 0.029679 0.253707
3 0.452439 0.671372 0.027764 0.245090
14 0.431855 0.664670 0.026807 0.229772
27 0.405048 0.668021 0.042125 0.223071
11 0.365317 0.664191 0.067974 0.224985
23 0.316969 0.654618 0.076591 0.217326
31 0.266227 0.584250 0.093824 0.116801