7 0.477598 0.402575 0.040702 0.200912
19 0.450753 0.406905 0.035506 0.193984
0 0.425206 0.418163 0.032908 0.192252
12 0.400958 0.419462 0.039836 0.193118
24 0.372813 0.433751 0.040702 0.168004
8 0.336874 0.433318 0.053692 0.186190
20 0.294873 0.432452 0.045898 0.168870
28 0.253738 0.432452 0.048496 0.142890
4 0.510506 0.407338 0.030310 0.189654
16 0.543414 0.410802 0.033774 0.177530
1 0.573291 0.404307 0.036372 0.207840
15 0.597972 0.412967 0.032042 0.171468
25 0.623952 0.419029 0.033774 0.169736
9 0.661190 0.412967 0.049362 0.173200
21 0.706655 0.414266 0.048496 0.149818
29 0.745625 0.409503 0.041568 0.135096
6 0.504444 0.592229 0.021650 0.143756
17 0.525228 0.601755 0.021650 0.152416
2 0.551208 0.625570 0.030310 0.196582
13 0.580652 0.619075 0.023382 0.176664
26 0.606632 0.616044 0.033774 0.168870
10 0.649499 0.626869 0.055424 0.206108
22 0.698861 0.605652 0.057156 0.186190
30 0.757316 0.556723 0.077074 0.109116
5 0.483660 0.590930 0.026846 0.139426
18 0.462010 0.591363 0.026846 0.143756
3 0.440794 0.615611 0.034640 0.190520
14 0.411350 0.623838 0.032908 0.182726
27 0.382339 0.631199 0.032042 0.185324
11 0.342503 0.630766 0.059754 0.196582
23 0.294873 0.609549 0.059754 0.185324
31 0.235552 0.574476 0.072744 0.142890