7 0.461754 0.496269 0.031716 0.186567
19 0.441231 0.494403 0.020522 0.182836
0 0.422575 0.492537 0.024254 0.171642
12 0.406716 0.492537 0.026119 0.152985
24 0.386194 0.501866 0.037313 0.152985
8 0.349813 0.496269 0.042910 0.171642
20 0.319030 0.473881 0.033582 0.156716
28 0.286381 0.462687 0.050373 0.130597
4 0.491604 0.490672 0.024254 0.182836
16 0.509328 0.494403 0.026119 0.194030
1 0.535448 0.486940 0.022388 0.197761
15 0.568097 0.476679 0.024254 0.162313
25 0.585821 0.493470 0.022388 0.132463
21 0.638060 0.458022 0.055970 0.180970
29 0.674440 0.439366 0.050373 0.117537
6 0.507463 0.691231 0.018657 0.166045
17 0.521455 0.691231 0.024254 0.177239
2 0.540112 0.694030 0.016791 0.186567
13 0.562500 0.694963 0.027985 0.192164
26 0.594216 0.686567 0.027985 0.186567
10 0.621269 0.673507 0.067164 0.197761
22 0.658582 0.660448 0.070896 0.186567
30 0.724813 0.583955 0.098881 0.138060
5 0.490672 0.689366 0.014925 0.136194
18 0.476679 0.691231 0.016791 0.169776
3 0.459888 0.695896 0.027985 0.175373
14 0.438433 0.686567 0.018657 0.179104
27 0.414179 0.680970 0.029851 0.175373
11 0.379664 0.679104 0.046642 0.182836
23 0.335821 0.658582 0.055970 0.190299
31 0.293843 0.611007 0.057836 0.158582