7 0.476708 0.479464 0.036859 0.192722
19 0.447748 0.486309 0.018956 0.187456
0 0.421419 0.468933 0.029487 0.236953
12 0.400357 0.469986 0.035806 0.194828
24 0.372449 0.468406 0.028434 0.187456
8 0.342962 0.464194 0.041072 0.189562
20 0.302417 0.458402 0.042125 0.163234
28 0.262924 0.456822 0.047391 0.141118
4 0.510935 0.475778 0.023169 0.187456
16 0.534104 0.475252 0.016850 0.192722
1 0.559905 0.457349 0.030541 0.215890
15 0.583600 0.465774 0.027381 0.192722
25 0.608875 0.458402 0.037912 0.196934
9 0.649947 0.459455 0.050550 0.186403
21 0.684700 0.469459 0.035806 0.166393
29 0.729458 0.457875 0.038966 0.124269
6 0.509882 0.659548 0.021062 0.165340
17 0.531471 0.663234 0.020009 0.174818
2 0.554113 0.674818 0.016850 0.206412
13 0.573069 0.660075 0.016850 0.176925
26 0.595185 0.670079 0.033700 0.196934
10 0.647314 0.661654 0.060028 0.184297
22 0.695231 0.631114 0.071612 0.137959
30 0.745781 0.608998 0.080037 0.129534
5 0.488293 0.661654 0.013691 0.165340
18 0.473549 0.665340 0.020009 0.162181
3 0.451433 0.665867 0.020009 0.159022
14 0.427212 0.668500 0.017903 0.155862
27 0.402463 0.674292 0.023169 0.184297
11 0.364024 0.665340 0.057922 0.187456
23 0.299784 0.649543 0.076878 0.200093
31 0.261871 0.610051 0.051603 0.129534