7 0.466073 0.433123 0.047847 0.195737
19 0.438343 0.441823 0.042410 0.193562
0 0.406808 0.453784 0.040235 0.210961
12 0.379079 0.453784 0.030448 0.184863
24 0.354612 0.461396 0.029361 0.169639
8 0.317639 0.458134 0.048934 0.171814
20 0.280123 0.457047 0.041322 0.171814
28 0.256199 0.372771 0.060896 0.138103
4 0.504133 0.422793 0.030448 0.203349
16 0.530775 0.426055 0.029361 0.188125
1 0.560135 0.418443 0.029361 0.218573
15 0.592215 0.415724 0.030448 0.197912
25 0.621031 0.423336 0.025011 0.182688
9 0.652023 0.431492 0.050022 0.188125
21 0.696608 0.425511 0.041322 0.204436
29 0.728143 0.393976 0.043497 0.178338
11 0.343194 0.643540 0.050022 0.179426
2 0.538931 0.625598 0.034798 0.200087
13 0.572097 0.637560 0.033710 0.204436
26 0.607982 0.642997 0.042410 0.204436
10 0.643867 0.639191 0.057634 0.192475
22 0.694433 0.627229 0.071770 0.166376
30 0.757504 0.625054 0.089169 0.131579
17 0.514463 0.613636 0.014137 0.150065
6 0.496521 0.612005 0.019574 0.148978
5 0.479666 0.608199 0.020661 0.139191
18 0.457373 0.620161 0.023923 0.147890
14 0.415508 0.649521 0.044585 0.178338
27 0.380166 0.646259 0.032623 0.182688
23 0.296434 0.650065 0.056546 0.181600