7 0.485215 0.478241 0.035605 0.223917
19 0.461478 0.477054 0.030858 0.218379
0 0.436554 0.475868 0.031649 0.212840
12 0.411630 0.480219 0.030858 0.202554
24 0.383542 0.482989 0.036396 0.187521
8 0.350310 0.485758 0.042726 0.167740
20 0.346656 0.463964 0.050639 0.155080
28 0.319413 0.442124 0.065672 0.139899
4 0.514094 0.494066 0.033232 0.197015
16 0.540996 0.492088 0.025319 0.197807
1 0.561172 0.496044 0.029275 0.197807
15 0.583722 0.496835 0.034814 0.188312
25 0.608250 0.493670 0.028484 0.185147
9 0.640691 0.497626 0.047474 0.174070
21 0.673131 0.499209 0.047474 0.136091
6 0.701034 0.483540 0.049056 0.117102
6 0.490753 0.688312 0.026110 0.156663
17 0.508556 0.687125 0.033232 0.144795
2 0.533084 0.713236 0.026902 0.190686
13 0.558403 0.713631 0.031649 0.189894
26 0.588470 0.710071 0.047474 0.201763
10 0.624470 0.698202 0.070419 0.197015
22 0.670362 0.670114 0.072002 0.166158
5 0.469786 0.686334 0.025319 0.166949
18 0.450796 0.682378 0.030067 0.168531
3 0.428246 0.695037 0.029275 0.190686
14 0.406487 0.695829 0.036396 0.206510
27 0.389159 0.689007 0.033232 0.190686
11 0.368007 0.674428 0.056596 0.219170
23 0.317910 0.647498 0.055125 0.176444
31 0.273521 0.627763 0.052510 0.147168