7 0.491065 0.461896 0.031436 0.172420
19 0.466297 0.459038 0.031436 0.174326
0 0.439624 0.451417 0.039057 0.191472
12 0.419620 0.465706 0.042867 0.170515
24 0.391042 0.469041 0.042867 0.156226
8 0.356748 0.472375 0.061919 0.166705
20 0.317215 0.467612 0.047630 0.162894
28 0.281493 0.470469 0.048583 0.164800
4 0.517738 0.460467 0.027625 0.180994
16 0.539647 0.461896 0.035246 0.172420
1 0.562986 0.468564 0.026673 0.185757
15 0.587277 0.481424 0.037151 0.173373
25 0.608711 0.488569 0.036199 0.170515
9 0.642528 0.500953 0.044772 0.155274
21 0.680632 0.500953 0.044772 0.151463
29 0.714926 0.482853 0.037151 0.122885
6 0.514403 0.656226 0.019052 0.140032
17 0.529645 0.670992 0.022862 0.169563
2 0.550602 0.700046 0.024768 0.193378
13 0.568225 0.698617 0.027625 0.184804
26 0.591088 0.684804 0.033341 0.166705
10 0.627286 0.695283 0.048583 0.176231
22 0.673011 0.691949 0.054298 0.182899
30 0.724928 0.646224 0.060966 0.173373
5 0.499162 0.662894 0.024768 0.138127
18 0.483920 0.658608 0.024768 0.175278
3 0.463439 0.671944 0.025720 0.188615
14 0.439624 0.674802 0.035246 0.194330
27 0.416762 0.667657 0.035246 0.170515
11 0.377229 0.668134 0.059061 0.188615
23 0.324360 0.650987 0.054298 0.165752
31 0.274349 0.647177 0.062872 0.167657