7 0.485086 0.403783 0.023935 0.192434
19 0.461630 0.418622 0.021062 0.187647
0 0.437216 0.400432 0.020105 0.214454
12 0.422856 0.408091 0.031594 0.208710
24 0.396049 0.401389 0.043082 0.216369
8 0.366849 0.411921 0.044040 0.168500
20 0.335734 0.405698 0.033508 0.180946
28 0.301268 0.401868 0.029679 0.144565
4 0.509978 0.410485 0.025849 0.179031
16 0.528168 0.411442 0.018190 0.175201
1 0.547316 0.396124 0.023935 0.207752
15 0.567899 0.398517 0.026807 0.206795
25 0.591834 0.395645 0.030636 0.208710
9 0.623428 0.402347 0.034466 0.178074
21 0.659808 0.393252 0.034466 0.175201
29 0.682307 0.371710 0.052656 0.109142
6 0.504233 0.604355 0.014361 0.164670
17 0.524817 0.624939 0.015318 0.184775
2 0.542050 0.635470 0.015318 0.202008
13 0.557847 0.627332 0.022020 0.195306
26 0.583696 0.619194 0.039253 0.184775
10 0.619598 0.598611 0.059358 0.162755
22 0.667946 0.574676 0.064145 0.149352
30 0.706720 0.541646 0.053614 0.154139
5 0.489872 0.605312 0.018190 0.160841
18 0.475033 0.608663 0.019148 0.156054
3 0.458279 0.620630 0.016276 0.172329
14 0.441525 0.627332 0.019148 0.201051
27 0.417111 0.624460 0.027764 0.195306
11 0.381688 0.601961 0.048827 0.188605
23 0.329989 0.580420 0.056486 0.168500
31 0.288343 0.588079 0.053614 0.162755