7 0.487629 0.476715 0.037582 0.209152
19 0.456175 0.478349 0.031863 0.199348
0 0.423903 0.471405 0.029412 0.219773
12 0.398576 0.476715 0.032680 0.202616
24 0.371615 0.486519 0.031046 0.171570
8 0.335258 0.480800 0.041667 0.173204
20 0.296042 0.464460 0.041667 0.171570
28 0.267447 0.410130 0.036765 0.169119
4 0.524394 0.481209 0.034314 0.203433
16 0.557074 0.482434 0.026144 0.199348
1 0.587712 0.479983 0.030229 0.210786
15 0.614264 0.477941 0.027778 0.203433
25 0.636732 0.471813 0.030229 0.207518
9 0.667778 0.457924 0.044935 0.205884
21 0.706994 0.438725 0.040033 0.201799
29 0.732729 0.428512 0.042484 0.147060
6 0.507646 0.656456 0.026961 0.151962
17 0.533381 0.662992 0.027778 0.140524
2 0.560342 0.657681 0.031046 0.149511
13 0.596699 0.663809 0.035131 0.145426
10 0.661650 0.661766 0.071896 0.146243
22 0.706585 0.642975 0.070262 0.177289
30 0.745393 0.616014 0.061275 0.164217
5 0.481502 0.661358 0.022059 0.140524
18 0.458217 0.662583 0.024510 0.141341
3 0.432482 0.661358 0.025327 0.142158
14 0.404295 0.662175 0.029412 0.140524
27 0.373657 0.661766 0.030229 0.144609
11 0.332807 0.654822 0.049837 0.161766
23 0.286647 0.650328 0.063726 0.167485
31 0.248656 0.622959 0.056373 0.161766