7 0.486007 0.416045 0.039179 0.205224
19 0.461754 0.416978 0.020522 0.192164
0 0.439366 0.420709 0.024254 0.199627
12 0.412313 0.419776 0.037313 0.175373
24 0.386194 0.429104 0.029851 0.175373
8 0.353545 0.423507 0.054104 0.175373
20 0.315299 0.406716 0.037313 0.171642
28 0.283582 0.406716 0.048507 0.175373
4 0.512127 0.407649 0.027985 0.210821
16 0.539179 0.411381 0.022388 0.188433
1 0.569030 0.415112 0.026119 0.184701
15 0.587687 0.401119 0.026119 0.186567
25 0.618470 0.415112 0.020522 0.173507
9 0.651119 0.415112 0.037313 0.162313
21 0.673507 0.417910 0.037313 0.134328
29 0.709888 0.388993 0.039179 0.147388
6 0.508396 0.611940 0.016791 0.164179
17 0.527052 0.601679 0.013060 0.162313
2 0.547575 0.614739 0.020522 0.169776
13 0.569963 0.628731 0.027985 0.212687
10 0.615672 0.606343 0.055970 0.182836
22 0.666978 0.585821 0.054104 0.171642
30 0.698694 0.559701 0.050373 0.156716
5 0.493470 0.600746 0.020522 0.123134
18 0.472948 0.598881 0.024254 0.123134
3 0.449627 0.635261 0.022388 0.184701
14 0.430970 0.623134 0.014925 0.171642
27 0.411381 0.625933 0.035448 0.184701
11 0.382463 0.617537 0.037313 0.190299
23 0.335821 0.604478 0.055970 0.197761
31 0.277985 0.549440 0.097015 0.173507