4 0.501794 0.386962 0.044258 0.210526
7 0.462918 0.385168 0.045454 0.233253
19 0.433014 0.389354 0.035885 0.222488
0 0.405502 0.391747 0.035885 0.224880
12 0.380382 0.389354 0.033493 0.212918
24 0.355263 0.388756 0.031100 0.214115
8 0.319976 0.371412 0.049043 0.215311
20 0.280502 0.364235 0.041866 0.188995
28 0.252392 0.351077 0.038277 0.167464
16 0.532894 0.376794 0.032297 0.228469
1 0.565789 0.374402 0.040670 0.266746
15 0.592104 0.366627 0.045454 0.263158
25 0.629186 0.364833 0.040670 0.245215
9 0.662080 0.358254 0.051435 0.236842
21 0.706339 0.359450 0.046651 0.205741
29 0.741626 0.338517 0.045454 0.199761
6 0.523325 0.617823 0.027512 0.186603
17 0.550239 0.618421 0.026316 0.209330
2 0.589114 0.637560 0.061005 0.202153
13 0.609449 0.601675 0.058612 0.171052
26 0.627990 0.592703 0.066986 0.186603
10 0.664473 0.574761 0.075359 0.179426
22 0.705143 0.561603 0.075359 0.188995
30 0.758970 0.518541 0.087320 0.162679
5 0.501196 0.615430 0.028708 0.200957
18 0.465908 0.614234 0.037081 0.205741
3 0.431220 0.608253 0.065789 0.196172
14 0.385167 0.602273 0.059809 0.215311
27 0.349880 0.563995 0.075359 0.155502
11 0.301435 0.546053 0.069378 0.167464
23 0.258373 0.515550 0.066986 0.156698