7 0.480682 0.489947 0.038295 0.175201
19 0.451960 0.489469 0.034466 0.174244
0 0.421802 0.475108 0.033508 0.218284
12 0.395474 0.489469 0.036381 0.189562
24 0.367231 0.488511 0.033508 0.183818
8 0.333723 0.489469 0.048827 0.181903
20 0.289683 0.486118 0.046912 0.163713
4 0.512275 0.493298 0.036381 0.168500
16 0.541954 0.494734 0.044040 0.165628
1 0.573548 0.479416 0.034466 0.202008
15 0.595089 0.493298 0.039253 0.174244
25 0.622374 0.488990 0.036381 0.169457
9 0.658755 0.502872 0.053614 0.162755
21 0.700880 0.496170 0.047869 0.141693
29 0.739654 0.487075 0.050741 0.110099
6 0.513233 0.688126 0.026807 0.202008
17 0.532859 0.679510 0.031594 0.169457
2 0.557272 0.694828 0.028722 0.200093
13 0.581686 0.690520 0.033508 0.199136
26 0.609928 0.684297 0.038295 0.186690
22 0.689870 0.659883 0.081378 0.183818
30 0.738697 0.646001 0.067974 0.169457
5 0.493606 0.672329 0.022020 0.153182
18 0.472065 0.670893 0.026807 0.161798
3 0.445737 0.693392 0.029679 0.193392
14 0.421802 0.692913 0.029679 0.188605
27 0.390687 0.685733 0.038295 0.189562
11 0.346648 0.680946 0.065102 0.179988
23 0.305959 0.661798 0.067974 0.166585
31 0.262398 0.654618 0.059358 0.180946