7 0.484032 0.402347 0.039253 0.164670
19 0.451481 0.409527 0.041168 0.161798
0 0.427068 0.414793 0.042125 0.191477
12 0.403612 0.432504 0.039253 0.177116
24 0.382550 0.447344 0.044997 0.176159
8 0.356700 0.477980 0.056486 0.164670
20 0.317926 0.505266 0.053614 0.142650
28 0.282024 0.509095 0.048827 0.144565
4 0.510839 0.399475 0.035423 0.160841
16 0.540997 0.419101 0.028722 0.140736
1 0.568282 0.416229 0.039253 0.188605
15 0.583600 0.433940 0.039253 0.160841
25 0.610886 0.445429 0.042125 0.183818
9 0.637214 0.476544 0.048827 0.175201
21 0.673116 0.488990 0.038295 0.171372
29 0.708539 0.500000 0.044040 0.168500
6 0.507967 0.561273 0.023935 0.174244
17 0.524243 0.581856 0.020105 0.196264
2 0.540039 0.592866 0.024892 0.206795
13 0.559187 0.607227 0.026807 0.179988
26 0.583600 0.626853 0.031594 0.200093
10 0.617109 0.640257 0.054571 0.194349
22 0.663542 0.653182 0.053614 0.170414
30 0.710933 0.646001 0.071804 0.142650
5 0.491213 0.564623 0.019148 0.148395
18 0.475416 0.577548 0.031594 0.187647
3 0.453875 0.607706 0.028722 0.226900
14 0.431855 0.592388 0.030636 0.179031
27 0.412707 0.624460 0.034466 0.191477
11 0.379677 0.638821 0.046912 0.189562
23 0.327979 0.673765 0.052656 0.188605
31 0.288726 0.652703 0.062230 0.146480