7 0.478205 0.439986 0.030483 0.181946
19 0.450103 0.439986 0.031436 0.183852
0 0.424383 0.442844 0.027625 0.187662
12 0.405807 0.447131 0.034294 0.179089
24 0.374848 0.444273 0.035246 0.182899
8 0.339125 0.450941 0.041914 0.173373
20 0.299116 0.458086 0.041914 0.160989
28 0.255297 0.447607 0.045725 0.143842
4 0.508212 0.438557 0.027625 0.184804
16 0.532027 0.435223 0.027625 0.170515
1 0.561557 0.436652 0.027625 0.158131
15 0.592993 0.443797 0.029531 0.170515
25 0.622523 0.448083 0.037151 0.165752
9 0.658246 0.457133 0.045725 0.162894
21 0.700160 0.458562 0.043820 0.152416
29 0.741598 0.457609 0.048583 0.148605
6 0.519643 0.640032 0.018099 0.185757
17 0.538695 0.646224 0.020005 0.179089
2 0.560128 0.655274 0.020957 0.178136
13 0.582514 0.668610 0.025720 0.193378
26 0.606329 0.670992 0.029531 0.190520
10 0.640623 0.669086 0.042867 0.211477
22 0.689205 0.654321 0.052393 0.199093
30 0.742075 0.630982 0.059061 0.160037
5 0.497257 0.634793 0.020957 0.179089
18 0.474394 0.630982 0.022862 0.177183
3 0.458200 0.644795 0.022862 0.176231
14 0.432956 0.644795 0.025720 0.155274
27 0.410570 0.651463 0.032388 0.170515
11 0.371990 0.650034 0.052393 0.179089
23 0.322931 0.649558 0.051440 0.174326
31 0.262441 0.611930 0.088592 0.121933