7 0.490597 0.474514 0.022937 0.193690
19 0.465112 0.470054 0.025486 0.174576
0 0.438989 0.463046 0.024211 0.165656
12 0.428795 0.470054 0.034406 0.166931
24 0.398849 0.461134 0.035680 0.169479
8 0.362532 0.464957 0.047148 0.154188
20 0.326853 0.466232 0.039503 0.143994
28 0.302004 0.442657 0.033131 0.140171
4 0.520543 0.479612 0.024211 0.193690
16 0.539657 0.480249 0.026760 0.172028
1 0.560683 0.481523 0.028034 0.187319
15 0.579797 0.486620 0.028034 0.159285
25 0.602734 0.477063 0.028034 0.178399
9 0.638414 0.475152 0.038228 0.172028
21 0.675368 0.474514 0.038228 0.193690
29 0.712959 0.464957 0.029308 0.133799
6 0.510986 0.661833 0.017840 0.147816
17 0.528826 0.659922 0.015291 0.154188
2 0.548577 0.683496 0.024211 0.183496
13 0.563231 0.679673 0.020388 0.163108
26 0.589991 0.677125 0.030583 0.178399
10 0.617388 0.682859 0.047148 0.197513
22 0.677279 0.675213 0.054794 0.184770
30 0.706588 0.629976 0.052245 0.160559
5 0.496969 0.661833 0.020388 0.155462
18 0.487412 0.659285 0.016566 0.160559
3 0.463200 0.671391 0.019114 0.194965
14 0.438989 0.673939 0.021663 0.205159
27 0.417963 0.661196 0.028034 0.194965
11 0.386744 0.661833 0.047148 0.201336
23 0.332587 0.645268 0.056068 0.198787
31 0.296907 0.609588 0.076457 0.170753