7 0.487701 0.536491 0.020852 0.174924
19 0.463953 0.537649 0.022010 0.172607
0 0.440205 0.522010 0.020852 0.178399
12 0.424567 0.519114 0.026644 0.158706
24 0.401977 0.513901 0.027802 0.157547
8 0.370699 0.498262 0.041704 0.165656
20 0.329575 0.488995 0.045179 0.156389
28 0.297139 0.479148 0.040545 0.157547
4 0.512028 0.541124 0.025486 0.174924
16 0.536356 0.532436 0.027802 0.176082
1 0.556049 0.515060 0.020852 0.183033
15 0.569950 0.518535 0.020852 0.173765
25 0.591381 0.513901 0.022010 0.169132
9 0.631926 0.509847 0.042862 0.172607
21 0.664942 0.503475 0.039387 0.162181
29 0.697378 0.498842 0.039387 0.136695
6 0.510291 0.705043 0.015060 0.122794
17 0.533459 0.699830 0.022010 0.123953
2 0.561841 0.720103 0.032436 0.166815
13 0.585589 0.717786 0.033595 0.180716
26 0.606441 0.705043 0.035911 0.183033
10 0.648145 0.691142 0.056763 0.169132
22 0.682318 0.674345 0.048654 0.161023
30 0.747770 0.629166 0.086883 0.112368
5 0.490597 0.707360 0.017377 0.122794
18 0.478434 0.705622 0.020852 0.140171
3 0.454686 0.710835 0.022010 0.150597
14 0.428042 0.701568 0.022010 0.164498
27 0.409507 0.694617 0.019693 0.171448
11 0.369541 0.683033 0.055605 0.176082
23 0.327258 0.659285 0.049813 0.179557
31 0.274549 0.639012 0.060239 0.180716