7 0.480403 0.511239 0.038228 0.186045
19 0.449820 0.498496 0.028034 0.193690
0 0.419238 0.494673 0.035680 0.216627
12 0.394389 0.512513 0.029308 0.191142
24 0.368267 0.524619 0.038228 0.174576
8 0.335135 0.536724 0.050971 0.168205
20 0.302641 0.541821 0.036954 0.155462
28 0.269510 0.467913 0.049697 0.142719
4 0.517994 0.509964 0.029308 0.193690
16 0.551763 0.502319 0.030583 0.198787
1 0.573425 0.506779 0.028034 0.187319
15 0.596362 0.497222 0.030583 0.196239
25 0.621211 0.510602 0.031857 0.174576
9 0.655616 0.509964 0.044600 0.175850
21 0.686836 0.502956 0.040777 0.172028
29 0.718056 0.462179 0.064988 0.123605
6 0.516083 0.690912 0.017840 0.147816
17 0.540931 0.697283 0.026760 0.170753
2 0.565780 0.722132 0.020388 0.207707
13 0.588717 0.725318 0.030583 0.206433
26 0.604008 0.717035 0.028034 0.205159
10 0.644785 0.709389 0.058617 0.187319
22 0.690022 0.692186 0.044600 0.175850
30 0.734622 0.681355 0.044600 0.166931
5 0.496332 0.692186 0.026760 0.168205
18 0.478492 0.707478 0.029308 0.160559
3 0.455555 0.713849 0.029308 0.183496
14 0.430706 0.708752 0.025486 0.183496
27 0.400761 0.711938 0.029308 0.192416
11 0.363169 0.714486 0.050971 0.187319
23 0.316021 0.703018 0.056068 0.182222