7 0.483793 0.507659 0.023935 0.187647
19 0.460337 0.502872 0.026807 0.179988
0 0.432573 0.480852 0.028722 0.202966
12 0.403373 0.474151 0.029679 0.199136
24 0.381832 0.474151 0.028722 0.181903
8 0.352631 0.464577 0.035423 0.170414
20 0.313857 0.444472 0.032551 0.176159
28 0.276041 0.444472 0.033508 0.126375
4 0.509642 0.509095 0.027764 0.188605
16 0.539800 0.499043 0.026807 0.179988
1 0.565171 0.486118 0.020105 0.192434
15 0.587191 0.480374 0.023935 0.154139
25 0.612083 0.470321 0.025849 0.179988
9 0.644155 0.449259 0.034466 0.166585
21 0.679100 0.438727 0.041168 0.153182
29 0.712608 0.433940 0.037338 0.132119
6 0.507249 0.693870 0.024892 0.115844
17 0.530705 0.705838 0.025849 0.137863
2 0.552725 0.703444 0.025849 0.161798
13 0.579053 0.699136 0.028722 0.166585
26 0.612561 0.683339 0.042125 0.186690
10 0.645591 0.654139 0.064145 0.166585
22 0.685323 0.622545 0.072761 0.164670
30 0.730798 0.585686 0.050741 0.131162
5 0.485229 0.691477 0.019148 0.128290
18 0.465603 0.702487 0.027764 0.142650
3 0.436881 0.699136 0.027764 0.153182
14 0.410074 0.686211 0.025849 0.169457
27 0.388055 0.681903 0.025849 0.174244
11 0.345451 0.670414 0.061273 0.191477
23 0.300454 0.634034 0.059358 0.149352
31 0.269818 0.599568 0.047869 0.143608