7 0.485047 0.478469 0.037081 0.166268
19 0.455741 0.472488 0.038277 0.163875
0 0.426435 0.471292 0.044258 0.185406
12 0.406100 0.470096 0.029904 0.180622
24 0.379784 0.472488 0.029904 0.173445
8 0.345095 0.476077 0.046651 0.166268
20 0.306220 0.464713 0.040670 0.174641
28 0.276315 0.447368 0.040670 0.147129
4 0.520334 0.466507 0.035885 0.197368
16 0.548444 0.470694 0.032297 0.177033
1 0.572368 0.454546 0.037081 0.202153
15 0.592104 0.448565 0.038277 0.214115
25 0.619018 0.450359 0.034689 0.200957
9 0.650119 0.456340 0.046651 0.196172
21 0.686602 0.446172 0.040670 0.209330
29 0.721889 0.468301 0.049043 0.184210
6 0.513157 0.651316 0.026316 0.153110
17 0.536483 0.667464 0.029904 0.161483
2 0.556219 0.672249 0.035885 0.185406
13 0.579545 0.667464 0.041866 0.178229
26 0.602272 0.663277 0.044258 0.191387
10 0.634569 0.659689 0.068182 0.167464
22 0.680023 0.653110 0.072966 0.168660
30 0.724281 0.615430 0.070574 0.112440
5 0.495215 0.648325 0.023923 0.154306
18 0.476076 0.656100 0.031100 0.162679
3 0.451554 0.681220 0.032297 0.179426
14 0.430621 0.674043 0.033493 0.188995
27 0.401913 0.675837 0.043062 0.192583
11 0.366028 0.663875 0.071770 0.173445
23 0.322966 0.650718 0.074163 0.161483
31 0.282296 0.611842 0.071770 0.138756