7 0.491756 0.509267 0.028961 0.180716
19 0.466270 0.517377 0.028961 0.155230
0 0.437889 0.500579 0.023169 0.177241
12 0.417616 0.497104 0.028961 0.165656
24 0.392710 0.490733 0.032436 0.185350
8 0.355640 0.494208 0.055605 0.169132
20 0.314515 0.491312 0.042862 0.163339
28 0.271653 0.483203 0.042862 0.144804
4 0.518979 0.506371 0.027802 0.181874
16 0.551415 0.505213 0.025486 0.186508
1 0.578638 0.508109 0.024327 0.183033
15 0.597173 0.504055 0.028961 0.174924
25 0.620342 0.503475 0.031278 0.164498
9 0.656254 0.479148 0.035911 0.171448
21 0.693324 0.471618 0.033595 0.163339
29 0.730973 0.468722 0.037070 0.132062
6 0.499865 0.689404 0.019693 0.147121
17 0.527088 0.693459 0.020852 0.159864
2 0.551415 0.706201 0.020852 0.199251
13 0.577480 0.706781 0.026644 0.181874
26 0.614550 0.714542 0.035911 0.204348
10 0.652778 0.687087 0.054446 0.186508
22 0.698536 0.673765 0.062556 0.180716
30 0.746032 0.658126 0.060239 0.151755
5 0.479013 0.678978 0.015060 0.107734
18 0.458740 0.680716 0.020852 0.129745
3 0.434992 0.711994 0.024327 0.194617
14 0.405452 0.705622 0.027802 0.170290
27 0.376491 0.709098 0.023169 0.186508
11 0.335946 0.699830 0.060239 0.184191
23 0.285554 0.678978 0.068348 0.184191
31 0.253118 0.654072 0.056763 0.155230