7 0.470273 0.408889 0.046256 0.227076
19 0.430324 0.395573 0.033641 0.200444
0 0.401589 0.405385 0.037846 0.217265
12 0.370051 0.406787 0.036444 0.203247
24 0.343418 0.420103 0.039248 0.199042
8 0.310478 0.439727 0.051863 0.185025
20 0.267025 0.442530 0.043453 0.182222
28 0.233384 0.471966 0.057470 0.179418
4 0.512324 0.407487 0.040649 0.196239
16 0.553674 0.407487 0.033641 0.207453
1 0.579606 0.415197 0.035043 0.220068
15 0.616050 0.424308 0.026632 0.218666
25 0.651093 0.432718 0.026632 0.210256
9 0.677725 0.456547 0.037846 0.173812
21 0.716272 0.466359 0.042051 0.182222
29 0.761127 0.474769 0.050461 0.171008
6 0.513025 0.613538 0.036444 0.159795
17 0.544563 0.606530 0.029436 0.165401
2 0.569093 0.659795 0.025231 0.235487
13 0.599930 0.676615 0.030838 0.218666
26 0.637777 0.683624 0.039248 0.224273
10 0.681229 0.697641 0.042051 0.227076
22 0.735195 0.692735 0.054667 0.228478
30 0.776546 0.681521 0.067282 0.138769
5 0.480085 0.616342 0.023829 0.168205
18 0.452751 0.624051 0.028034 0.183624
3 0.424016 0.630359 0.037846 0.215863
14 0.398786 0.651384 0.040649 0.201846
27 0.356734 0.660495 0.032239 0.211658
11 0.323794 0.666803 0.042051 0.221470
23 0.275435 0.671008 0.054667 0.199042
31 0.214461 0.649282 0.072889 0.155589