7 0.482319 0.507762 0.038399 0.168302
19 0.452907 0.511438 0.038399 0.164217
0 0.420635 0.511847 0.034314 0.163400
12 0.392040 0.513072 0.037582 0.149511
24 0.362219 0.515523 0.040033 0.149511
8 0.327905 0.512664 0.044935 0.151962
20 0.285830 0.504902 0.044118 0.133171
4 0.523577 0.511438 0.039216 0.164217
16 0.556666 0.517157 0.022059 0.165851
1 0.584852 0.521651 0.029412 0.161766
15 0.608545 0.526553 0.027778 0.147060
25 0.634689 0.521651 0.031046 0.160132
9 0.667369 0.516340 0.044118 0.160949
21 0.705768 0.501634 0.044118 0.151145
29 0.739265 0.504494 0.050654 0.102942
6 0.520309 0.668711 0.024510 0.125818
17 0.546862 0.666260 0.023693 0.127452
2 0.571780 0.669528 0.024510 0.122550
13 0.597107 0.671979 0.024510 0.119282
26 0.626928 0.671162 0.036765 0.130720
10 0.665327 0.667077 0.058007 0.132354
22 0.718840 0.641750 0.066994 0.135622
30 0.759282 0.623776 0.049837 0.129086
5 0.500701 0.660949 0.026144 0.120099
18 0.476191 0.662175 0.029412 0.127452
3 0.445145 0.662583 0.027778 0.134805
14 0.413691 0.664217 0.031863 0.136439
27 0.385095 0.666260 0.030229 0.132354
11 0.345471 0.659315 0.055556 0.138073
23 0.289915 0.651145 0.070262 0.146243
31 0.235993 0.613563 0.068628 0.141341