7 0.478288 0.517377 0.031594 0.196934
19 0.456173 0.512111 0.023169 0.186403
0 0.429318 0.507372 0.026328 0.193775
12 0.406676 0.505266 0.040019 0.181137
24 0.386666 0.514217 0.037912 0.182190
8 0.357706 0.514744 0.036859 0.162181
20 0.315581 0.496841 0.038966 0.170606
28 0.274509 0.491048 0.043178 0.123215
4 0.507776 0.518956 0.025275 0.187456
16 0.531471 0.516323 0.017903 0.175872
1 0.552007 0.509478 0.021062 0.197987
15 0.572016 0.507372 0.025275 0.195881
25 0.602557 0.513164 0.027381 0.182190
9 0.637310 0.524222 0.033700 0.174818
21 0.675222 0.510005 0.042125 0.165340
29 0.703656 0.491048 0.048444 0.123215
6 0.514094 0.710098 0.029487 0.154809
17 0.531997 0.708518 0.018956 0.179031
2 0.548847 0.714837 0.027381 0.166393
13 0.572543 0.717996 0.030541 0.176925
26 0.600450 0.722209 0.048444 0.187456
10 0.642049 0.720103 0.068453 0.176925
22 0.692072 0.702200 0.084250 0.183243
30 0.734197 0.665340 0.071612 0.155862
5 0.490926 0.707465 0.021062 0.155862
18 0.474602 0.706939 0.022116 0.169553
3 0.457226 0.716417 0.029487 0.188509
14 0.433004 0.712731 0.029487 0.179031
27 0.406676 0.722736 0.040019 0.196934
11 0.364024 0.710625 0.053709 0.206412
23 0.310315 0.690615 0.078984 0.189562
31 0.266084 0.656389 0.055816 0.161128