7 0.488423 0.402575 0.034640 0.199180
19 0.462010 0.403441 0.032042 0.199180
0 0.429536 0.394781 0.036372 0.219964
12 0.403556 0.396080 0.036372 0.194850
24 0.374112 0.407771 0.039836 0.185324
8 0.337740 0.427256 0.050228 0.180994
20 0.294440 0.415998 0.055424 0.177530
4 0.523929 0.407771 0.029444 0.204376
16 0.546445 0.418163 0.031176 0.195716
1 0.578920 0.418596 0.030310 0.201778
15 0.604467 0.423359 0.031176 0.202644
25 0.629581 0.433751 0.031176 0.190520
9 0.665087 0.450638 0.051960 0.165406
21 0.704057 0.455401 0.045032 0.164540
29 0.745625 0.463195 0.043300 0.152416
6 0.516568 0.619941 0.021650 0.152416
17 0.538651 0.629900 0.019052 0.163674
2 0.562033 0.658478 0.027712 0.217366
13 0.588446 0.660643 0.025114 0.199180
26 0.616591 0.656746 0.029444 0.194850
10 0.653396 0.664107 0.049362 0.206108
22 0.701892 0.655447 0.047630 0.200912
5 0.498815 0.625137 0.020784 0.161076
18 0.478464 0.626869 0.019918 0.187056
3 0.450320 0.633364 0.029444 0.212170
14 0.423907 0.626003 0.032042 0.199180
27 0.394030 0.630333 0.032908 0.183592
23 0.309595 0.619941 0.063218 0.180128