7 0.476377 0.458065 0.037979 0.188312
19 0.449080 0.462812 0.038770 0.162993
0 0.419805 0.469933 0.035605 0.161410
12 0.398837 0.474285 0.036396 0.152707
24 0.374705 0.487736 0.043517 0.141630
8 0.341869 0.503561 0.049056 0.132135
20 0.304681 0.497626 0.042726 0.131344
28 0.273428 0.487340 0.043517 0.126596
4 0.502488 0.462417 0.042726 0.165366
16 0.531368 0.458856 0.027693 0.164575
1 0.559456 0.458856 0.025319 0.174070
15 0.576072 0.465186 0.031649 0.158245
25 0.606930 0.460439 0.037979 0.177235
9 0.638974 0.472703 0.056177 0.160619
21 0.677349 0.478241 0.055386 0.144795
29 0.716119 0.479428 0.060133 0.121849
6 0.506444 0.632926 0.026902 0.148751
17 0.527016 0.633322 0.025319 0.143212
2 0.546005 0.648751 0.025319 0.180400
13 0.569346 0.622640 0.032440 0.153498
26 0.589127 0.642025 0.043517 0.189103
10 0.628293 0.639256 0.075958 0.162993
22 0.676558 0.632926 0.064881 0.155080
30 0.718888 0.617893 0.057760 0.150333
5 0.485081 0.640047 0.031649 0.126596
18 0.463718 0.634509 0.023737 0.158245
3 0.442750 0.648751 0.026110 0.178817
14 0.417826 0.646773 0.026902 0.182773
27 0.397650 0.656663 0.030858 0.189894
11 0.362836 0.645981 0.053012 0.162202
23 0.317341 0.637673 0.060133 0.150333
31 0.270263 0.612750 0.057760 0.135300