7 0.479763 0.459298 0.032908 0.179262
19 0.447289 0.460597 0.037238 0.173200
0 0.416979 0.451937 0.035506 0.180128
12 0.393164 0.457999 0.031176 0.176664
24 0.362421 0.455834 0.033774 0.175798
8 0.330379 0.459731 0.038970 0.171468
20 0.290976 0.460164 0.038104 0.156746
28 0.250707 0.459298 0.044166 0.134230
4 0.517001 0.455401 0.034640 0.185324
16 0.551208 0.453236 0.030310 0.191386
1 0.581951 0.453236 0.029444 0.191386
15 0.611395 0.457566 0.029444 0.186190
25 0.632612 0.462329 0.033774 0.166272
9 0.666819 0.469690 0.046764 0.155014
21 0.709253 0.471422 0.034640 0.142890
29 0.746491 0.473154 0.041568 0.113446
6 0.512671 0.645921 0.022516 0.135096
17 0.536486 0.643323 0.032042 0.140292
2 0.566363 0.655880 0.029444 0.177530
13 0.593209 0.650684 0.032908 0.174066
26 0.623519 0.641591 0.031176 0.173200
10 0.662056 0.636828 0.052826 0.175798
22 0.714449 0.628601 0.057156 0.154148
30 0.759914 0.606518 0.058022 0.144622
5 0.487990 0.646787 0.026846 0.135096
18 0.461144 0.642457 0.025114 0.148952
3 0.432134 0.647653 0.029444 0.168004
14 0.405721 0.640725 0.028578 0.169736
27 0.376277 0.628601 0.030310 0.147220
11 0.336441 0.630766 0.049362 0.163674
23 0.289677 0.616910 0.045898 0.146354
31 0.243346 0.595260 0.055424 0.135962