7 0.486187 0.496841 0.041072 0.223262
19 0.446168 0.479991 0.036859 0.227475
0 0.415101 0.476305 0.037912 0.228528
12 0.391932 0.476305 0.035806 0.209571
24 0.366131 0.468933 0.032647 0.196934
8 0.331377 0.482623 0.045284 0.167447
20 0.293992 0.451556 0.042125 0.172712
28 0.256079 0.451030 0.035806 0.165340
4 0.526205 0.495261 0.032647 0.234846
16 0.558325 0.502106 0.029487 0.193775
1 0.586760 0.477358 0.027381 0.220103
15 0.614668 0.481570 0.036859 0.205359
25 0.645208 0.480517 0.032647 0.186403
9 0.681541 0.481044 0.040019 0.141118
21 0.722086 0.455242 0.049497 0.144278
29 0.759472 0.431547 0.056869 0.128481
6 0.529365 0.707992 0.032647 0.135853
17 0.557272 0.712204 0.033700 0.152703
2 0.605189 0.726421 0.068453 0.210625
13 0.632044 0.704306 0.061081 0.195881
26 0.662585 0.700620 0.065294 0.201146
10 0.699970 0.664287 0.078984 0.189562
22 0.747888 0.627954 0.080037 0.171659
30 0.793698 0.572139 0.085303 0.142172
5 0.495138 0.704832 0.035806 0.133747
18 0.456173 0.700093 0.033700 0.128481
3 0.412468 0.724842 0.053709 0.194828
14 0.377188 0.709571 0.065294 0.183243
27 0.349281 0.695354 0.060028 0.194828
11 0.311368 0.666393 0.074772 0.191668
23 0.259239 0.635853 0.071612 0.191668
31 0.225012 0.587936 0.055816 0.135853