7 0.489346 0.472092 0.028434 0.203253
19 0.460912 0.466827 0.034753 0.220103
0 0.431951 0.453663 0.031594 0.233793
12 0.406676 0.436286 0.031594 0.211678
24 0.379821 0.422595 0.028434 0.209571
8 0.338749 0.409431 0.043178 0.202200
20 0.306629 0.385736 0.042125 0.163234
28 0.299257 0.313071 0.042125 0.095834
4 0.519886 0.475252 0.026328 0.203253
16 0.547268 0.473672 0.026328 0.208518
1 0.572543 0.448924 0.026328 0.228528
15 0.602030 0.437339 0.028434 0.220103
25 0.626252 0.424175 0.030541 0.223262
9 0.666271 0.416803 0.041072 0.202200
21 0.691019 0.402060 0.056869 0.157968
29 0.709449 0.342558 0.034753 0.072665
18 0.470916 0.663761 0.021062 0.108472
3 0.444062 0.689562 0.041072 0.153756
14 0.415627 0.669553 0.034753 0.176925
27 0.380874 0.658495 0.047391 0.182190
11 0.340856 0.613211 0.083197 0.188509
23 0.293992 0.584250 0.063187 0.168500
5 0.488293 0.650070 0.020009 0.089515
6 0.510935 0.659548 0.018956 0.097940
17 0.532524 0.657442 0.024222 0.095834
2 0.564644 0.685350 0.040019 0.176925
13 0.587813 0.664287 0.035806 0.153756
26 0.614141 0.643225 0.050550 0.181137
10 0.650474 0.623215 0.070559 0.168500
31 0.242389 0.536859 0.075825 0.111631
22 0.696285 0.582670 0.048444 0.167447
30 0.756839 0.531067 0.089515 0.106365