7 0.482390 0.432074 0.036859 0.180084
19 0.460274 0.435233 0.036859 0.171659
0 0.428681 0.423649 0.038966 0.201146
12 0.412357 0.434706 0.031594 0.170606
24 0.387609 0.435759 0.043178 0.162181
20 0.326001 0.455769 0.069506 0.147437
4 0.507665 0.429967 0.026328 0.180084
16 0.525568 0.433653 0.024222 0.179031
1 0.557688 0.428914 0.033700 0.186403
15 0.573485 0.437866 0.033700 0.176925
25 0.597180 0.437866 0.028434 0.168500
6 0.508658 0.598467 0.014744 0.135853
17 0.519190 0.604786 0.016850 0.154809
2 0.535513 0.622689 0.026328 0.188509
13 0.555522 0.635326 0.032647 0.186403
26 0.576364 0.641483 0.032647 0.195220
10 0.616604 0.637959 0.053709 0.185350
22 0.649777 0.630587 0.054762 0.187456
30 0.670391 0.603463 0.058975 0.161128
5 0.495494 0.595834 0.022116 0.132693
18 0.477065 0.594781 0.023169 0.134800
3 0.466007 0.627428 0.036859 0.187456
14 0.442312 0.633220 0.035806 0.184297
27 0.421249 0.642698 0.031594 0.199040
11 0.390182 0.634800 0.045284 0.189562
23 0.350690 0.633220 0.048444 0.196934
31 0.319096 0.618476 0.042125 0.196934