7 0.485399 0.484183 0.034600 0.218474
19 0.462662 0.470837 0.032623 0.211554
0 0.442397 0.461446 0.029657 0.208588
12 0.425097 0.456503 0.032623 0.194748
24 0.401865 0.456009 0.035589 0.179920
8 0.371714 0.450571 0.050417 0.176954
20 0.331182 0.447111 0.038554 0.168057
28 0.297571 0.440191 0.034600 0.160148
4 0.514562 0.479240 0.027680 0.228360
16 0.533345 0.476274 0.027680 0.222428
1 0.557071 0.471826 0.031634 0.213531
15 0.576348 0.463917 0.042509 0.193760
25 0.602051 0.460457 0.040531 0.188817
9 0.632202 0.458480 0.051406 0.184863
21 0.665814 0.449583 0.051406 0.165091
29 0.689539 0.430800 0.067223 0.141366
6 0.512585 0.714520 0.023726 0.145320
17 0.521977 0.693266 0.024714 0.179920
2 0.544219 0.696231 0.029657 0.168057
13 0.568439 0.703151 0.034600 0.162126
26 0.590682 0.697220 0.035589 0.175966
10 0.624788 0.687334 0.070189 0.183874
22 0.670756 0.668551 0.092926 0.179920
30 0.700908 0.614674 0.070189 0.149274
5 0.496768 0.699691 0.019771 0.176954
18 0.478974 0.691288 0.019771 0.170034
3 0.457719 0.694254 0.034600 0.172011
14 0.436465 0.697220 0.031634 0.170034
27 0.412245 0.690794 0.040531 0.178931
11 0.370231 0.678437 0.073154 0.187828
23 0.328217 0.657183 0.072166 0.180908
31 0.289662 0.635928 0.044486 0.118628