7 0.485384 0.500579 0.034753 0.225895
19 0.459899 0.494787 0.032436 0.200409
0 0.429779 0.491891 0.030119 0.217786
12 0.406611 0.502317 0.041704 0.183033
24 0.382863 0.493049 0.038228 0.183033
8 0.349268 0.492470 0.049813 0.156389
20 0.307565 0.477990 0.047496 0.155230
28 0.278604 0.468722 0.047496 0.122794
4 0.513187 0.501738 0.027802 0.211994
16 0.537514 0.499421 0.032436 0.202726
1 0.562420 0.491891 0.033595 0.201568
15 0.589644 0.485520 0.039387 0.186508
25 0.609916 0.481465 0.038228 0.176082
9 0.645248 0.468143 0.050971 0.170290
21 0.680002 0.466985 0.046337 0.137854
29 0.708383 0.460034 0.038228 0.086883
6 0.514345 0.706201 0.020852 0.166815
17 0.525930 0.706781 0.020852 0.158706
2 0.553153 0.714890 0.042862 0.193459
13 0.579218 0.716627 0.046337 0.203885
26 0.607599 0.698672 0.066031 0.195776
10 0.641194 0.678399 0.084566 0.183033
22 0.681160 0.648280 0.069506 0.166815
30 0.720547 0.607155 0.076457 0.156389
5 0.493493 0.702726 0.030119 0.169132
18 0.472062 0.703305 0.026644 0.151755
3 0.446577 0.706781 0.019693 0.174924
14 0.426304 0.711994 0.023169 0.201568
27 0.398502 0.718365 0.032436 0.237479
11 0.351006 0.694038 0.067189 0.223578
23 0.317411 0.676661 0.041704 0.211994
31 0.264702 0.610631 0.077615 0.126269