7 0.485023 0.462614 0.029487 0.239059
19 0.461854 0.466300 0.018956 0.210625
0 0.437632 0.453663 0.027381 0.238006
12 0.415517 0.447344 0.025275 0.212731
24 0.393401 0.434706 0.023169 0.197987
8 0.356542 0.431020 0.050550 0.180084
20 0.318103 0.396794 0.041072 0.170606
28 0.273345 0.378891 0.037912 0.151650
4 0.515563 0.465774 0.027381 0.232740
16 0.539259 0.470513 0.015797 0.216943
1 0.565587 0.446291 0.022116 0.252750
15 0.584016 0.447344 0.025275 0.210625
25 0.605605 0.444711 0.030541 0.211678
9 0.639832 0.433653 0.033700 0.176925
21 0.679851 0.417330 0.042125 0.177978
29 0.722502 0.402060 0.038966 0.147437
6 0.516090 0.682190 0.024222 0.149543
17 0.534520 0.686403 0.018956 0.151650
2 0.562954 0.685350 0.037912 0.183243
13 0.580330 0.684297 0.022116 0.176925
26 0.606659 0.675345 0.041072 0.213784
10 0.618310 0.672404 0.057922 0.225368
22 0.686169 0.611631 0.082144 0.179031
30 0.731980 0.564241 0.070559 0.143225
5 0.495028 0.677978 0.020009 0.151650
18 0.476071 0.674818 0.017903 0.153756
3 0.449743 0.694828 0.028434 0.193775
14 0.427628 0.674292 0.024222 0.186403
27 0.402353 0.663761 0.034753 0.192722
11 0.368653 0.626901 0.053709 0.194828
23 0.316523 0.593728 0.071612 0.176925
31 0.265973 0.547391 0.071612 0.168500