7 0.480751 0.310017 0.046337 0.176082
19 0.437889 0.312913 0.041704 0.179557
0 0.393289 0.319863 0.038228 0.191142
12 0.360273 0.333185 0.037070 0.152913
24 0.330154 0.333185 0.034753 0.162181
8 0.293084 0.336661 0.039387 0.162181
20 0.249064 0.329710 0.046337 0.157547
28 0.216048 0.283952 0.047496 0.135537
4 0.536935 0.322180 0.047496 0.170290
16 0.583851 0.336661 0.037070 0.164498
1 0.617446 0.347087 0.032436 0.192300
15 0.644669 0.355196 0.026644 0.176082
25 0.675368 0.363305 0.027802 0.159864
9 0.713017 0.368518 0.045179 0.147121
21 0.750087 0.364463 0.035911 0.155230
29 0.790632 0.370255 0.040545 0.139012
6 0.520717 0.473935 0.031278 0.107734
17 0.555470 0.491891 0.031278 0.141329
2 0.589064 0.526065 0.031278 0.214311
13 0.620342 0.528961 0.026644 0.189983
26 0.655674 0.538228 0.034753 0.196934
10 0.695640 0.538228 0.049813 0.187667
22 0.748349 0.526644 0.053288 0.164498
30 0.793528 0.505792 0.041704 0.129745
5 0.492335 0.474514 0.027802 0.122794
18 0.459320 0.482623 0.033595 0.139012
3 0.419933 0.517956 0.028961 0.223578
14 0.384021 0.502317 0.028961 0.171448
27 0.354481 0.504634 0.032436 0.185350
11 0.309881 0.503475 0.054446 0.176082
23 0.251380 0.502896 0.055605 0.186508
31 0.199830 0.487257 0.052130 0.169132