7 0.489298 0.504308 0.026807 0.138821
19 0.462970 0.496170 0.022020 0.143608
0 0.434727 0.483246 0.021062 0.159883
12 0.415101 0.489469 0.025849 0.137863
24 0.377284 0.480852 0.034466 0.116801
8 0.344733 0.475587 0.030636 0.110099
20 0.314097 0.471757 0.036381 0.142650
28 0.272450 0.469842 0.052656 0.131162
4 0.524243 0.511967 0.029679 0.156054
16 0.547698 0.522977 0.024892 0.149352
1 0.578335 0.527285 0.032551 0.169457
15 0.603705 0.536859 0.027764 0.157968
25 0.626683 0.537817 0.023935 0.167542
9 0.660670 0.544997 0.034466 0.160841
21 0.692742 0.542604 0.025849 0.133076
29 0.725772 0.532072 0.028722 0.123503
6 0.493128 0.662755 0.017233 0.116801
17 0.516583 0.673287 0.022020 0.132119
2 0.545784 0.698657 0.026807 0.188605
13 0.574505 0.694828 0.022977 0.152224
26 0.604663 0.705359 0.029679 0.163713
10 0.647745 0.701529 0.048827 0.156054
22 0.681254 0.690520 0.043082 0.147437
30 0.725293 0.669936 0.050741 0.131162
5 0.468236 0.662277 0.021062 0.133076
18 0.444780 0.665628 0.025849 0.149352
3 0.417973 0.670893 0.029679 0.179031
14 0.388294 0.662755 0.023935 0.160841
27 0.360051 0.665628 0.024892 0.168500
23 0.308831 0.607227 0.060315 0.134034
31 0.266706 0.581378 0.062230 0.124460