7 0.477235 0.425228 0.041168 0.208710
19 0.437025 0.437674 0.039253 0.210625
0 0.416441 0.420920 0.028722 0.230730
12 0.386283 0.450599 0.043082 0.177116
24 0.354211 0.447248 0.045954 0.185733
8 0.330755 0.450599 0.050741 0.196264
20 0.287673 0.457301 0.044997 0.171372
28 0.251771 0.436238 0.038295 0.144565
4 0.516009 0.427143 0.032551 0.201051
16 0.539465 0.436717 0.020105 0.189562
1 0.563400 0.427143 0.029679 0.229772
15 0.586377 0.429536 0.029679 0.217326
25 0.618928 0.429058 0.031594 0.224028
9 0.649086 0.430015 0.040210 0.225943
21 0.685466 0.446291 0.040210 0.206795
29 0.730942 0.394113 0.046912 0.146480
6 0.511701 0.628672 0.020105 0.161798
17 0.535635 0.632502 0.020105 0.175201
2 0.555262 0.643991 0.019148 0.194349
13 0.573931 0.647820 0.029679 0.186690
26 0.602174 0.646863 0.034466 0.179031
10 0.639512 0.646384 0.065102 0.183818
22 0.695040 0.636810 0.088079 0.157011
30 0.735729 0.613833 0.062230 0.164670
5 0.493511 0.629630 0.025849 0.171372
18 0.474842 0.631066 0.030636 0.158926
3 0.453300 0.633938 0.031594 0.157011
14 0.431759 0.636810 0.032551 0.141693
27 0.400166 0.648778 0.034466 0.157968
11 0.364264 0.664574 0.056486 0.202966
23 0.316394 0.653564 0.064145 0.203923
31 0.246505 0.636332 0.087122 0.148395