7 0.477570 0.428675 0.032551 0.169457
19 0.453635 0.426760 0.017233 0.177116
0 0.436881 0.417186 0.027764 0.182860
12 0.411032 0.421494 0.031594 0.179988
24 0.387576 0.430111 0.036381 0.174244
8 0.360290 0.443993 0.056486 0.177116
20 0.328697 0.449737 0.046912 0.163713
28 0.296624 0.458354 0.049784 0.133076
4 0.507728 0.413357 0.031594 0.184775
16 0.533098 0.425803 0.026807 0.161798
1 0.557033 0.434419 0.024892 0.179031
15 0.573309 0.438727 0.026807 0.170414
25 0.602030 0.443036 0.026807 0.180946
9 0.628358 0.456918 0.044997 0.178074
21 0.671440 0.467449 0.044997 0.157011
6 0.508685 0.592866 0.012446 0.143608
17 0.526875 0.598611 0.016276 0.162755
2 0.542672 0.612493 0.017233 0.169457
13 0.558469 0.623981 0.018190 0.186690
26 0.579053 0.625417 0.024892 0.187647
10 0.608253 0.631162 0.044997 0.193392
22 0.649899 0.631162 0.061273 0.164670
30 0.696811 0.621109 0.063187 0.148395
5 0.490973 0.591909 0.019148 0.149352
18 0.479485 0.594302 0.019148 0.150309
3 0.461773 0.615844 0.020105 0.193392
14 0.440232 0.600525 0.017233 0.170414
27 0.420127 0.613929 0.017233 0.193392
11 0.395235 0.604834 0.044040 0.177116
23 0.353110 0.617280 0.065102 0.184775
31 0.303326 0.605312 0.063187 0.153182