7 0.498127 0.542283 0.020852 0.202726
19 0.477855 0.538228 0.017377 0.183033
0 0.455265 0.524327 0.023169 0.173765
12 0.435572 0.526065 0.030119 0.161023
24 0.407190 0.513322 0.022010 0.174924
8 0.388076 0.516218 0.037070 0.162181
20 0.344635 0.495945 0.035911 0.147121
4 0.514345 0.588620 0.018535 0.091516
16 0.538093 0.597309 0.026644 0.111210
1 0.560683 0.566610 0.027802 0.161023
15 0.597753 0.566031 0.025486 0.136695
25 0.617446 0.564872 0.030119 0.139012
9 0.649303 0.549234 0.035911 0.126269
21 0.675368 0.534753 0.027802 0.134378
29 0.710121 0.523169 0.048654 0.113527
6 0.505078 0.722420 0.018535 0.120477
17 0.531722 0.726474 0.020852 0.135537
2 0.550836 0.736900 0.017377 0.151755
13 0.571109 0.728212 0.016218 0.132062
26 0.594857 0.727633 0.022010 0.151755
10 0.622659 0.716627 0.049813 0.155230
22 0.662046 0.678978 0.059080 0.137854
30 0.704908 0.660443 0.035911 0.119319
5 0.486543 0.719523 0.020852 0.151755
18 0.460478 0.712573 0.026644 0.158706
3 0.439047 0.713152 0.027802 0.171448
14 0.418195 0.710835 0.025486 0.180716
27 0.395606 0.696355 0.033595 0.158706
11 0.360853 0.676661 0.054446 0.167973
23 0.315094 0.634958 0.067189 0.163339