7 0.485229 0.471278 0.040210 0.208710
19 0.450285 0.456439 0.037338 0.203923
0 0.421563 0.444950 0.037338 0.224985
12 0.394756 0.458832 0.029679 0.193392
24 0.362684 0.465534 0.036381 0.178074
8 0.325825 0.478459 0.044997 0.163713
20 0.286572 0.465055 0.037338 0.177116
28 0.253542 0.455482 0.036381 0.171372
4 0.523046 0.470321 0.025849 0.201051
16 0.548417 0.468885 0.024892 0.198179
1 0.578095 0.463141 0.024892 0.198179
15 0.609689 0.462662 0.030636 0.189562
25 0.635539 0.465055 0.021062 0.186690
9 0.669047 0.471278 0.038295 0.174244
21 0.703992 0.466492 0.035423 0.170414
29 0.741330 0.462183 0.037338 0.144565
6 0.518259 0.665149 0.023935 0.159883
17 0.542194 0.666106 0.016276 0.163713
2 0.574745 0.674244 0.043082 0.202966
13 0.592935 0.673287 0.022020 0.199136
26 0.619263 0.663234 0.034466 0.177116
10 0.657080 0.656532 0.041168 0.173287
22 0.698247 0.660841 0.050741 0.185733
30 0.742287 0.610578 0.060315 0.148395
5 0.494803 0.656054 0.022977 0.151267
18 0.470390 0.656532 0.022020 0.148395
3 0.443104 0.668978 0.028722 0.205838
14 0.415340 0.662277 0.036381 0.198179
27 0.381832 0.668021 0.021062 0.213497
11 0.344015 0.658447 0.054571 0.188605
23 0.299497 0.652224 0.057443 0.189562
31 0.250191 0.615844 0.064145 0.157011