7 0.485894 0.456503 0.039543 0.220451
19 0.453765 0.455514 0.030646 0.214520
0 0.425097 0.465894 0.038554 0.209577
12 0.397911 0.470343 0.035589 0.204634
24 0.367760 0.470343 0.030646 0.190794
8 0.331182 0.477263 0.048440 0.186840
20 0.285708 0.476769 0.046463 0.168057
28 0.259511 0.439203 0.063269 0.102811
4 0.520988 0.451066 0.034600 0.243188
16 0.554105 0.468366 0.027680 0.214520
1 0.583268 0.475286 0.034600 0.210566
15 0.609465 0.483689 0.041520 0.199691
25 0.638134 0.490609 0.033611 0.193760
9 0.670756 0.493080 0.053383 0.186840
21 0.718208 0.482700 0.043497 0.179920
6 0.510608 0.660643 0.025703 0.173988
17 0.528897 0.668057 0.028669 0.169046
2 0.558059 0.682886 0.027680 0.186840
13 0.591671 0.689311 0.033611 0.183874
26 0.621328 0.688323 0.037566 0.179920
10 0.664331 0.688323 0.064257 0.173988
22 0.712771 0.668057 0.070189 0.176954
30 0.760716 0.649274 0.055360 0.151251
5 0.486882 0.656688 0.019771 0.166080
18 0.464145 0.664103 0.023726 0.176954
3 0.436959 0.674977 0.030646 0.182886
14 0.407302 0.667563 0.038554 0.173988
27 0.379128 0.667563 0.037566 0.183874
11 0.337114 0.673000 0.064257 0.184863
23 0.287685 0.667068 0.066234 0.192771
31 0.234797 0.653723 0.065246 0.170034