7 0.488049 0.529946 0.022937 0.184770
19 0.461926 0.535043 0.024211 0.182222
0 0.439626 0.522300 0.020388 0.189868
12 0.421149 0.518477 0.026760 0.177125
24 0.388018 0.515928 0.034406 0.161833
8 0.352975 0.503823 0.038228 0.165656
20 0.312198 0.498726 0.035680 0.147816
28 0.273970 0.469417 0.050971 0.132525
4 0.525003 0.528034 0.028034 0.188593
16 0.554311 0.533768 0.025486 0.179673
1 0.575337 0.517203 0.021663 0.189868
15 0.600185 0.519114 0.025486 0.180948
25 0.628857 0.515928 0.026760 0.179673
9 0.668996 0.508283 0.045874 0.172028
21 0.691296 0.484709 0.039503 0.158011
29 0.711685 0.446480 0.042051 0.117234
6 0.516083 0.705796 0.020388 0.138896
17 0.539020 0.707707 0.020388 0.137622
2 0.560683 0.724273 0.022937 0.193690
13 0.586168 0.722362 0.025486 0.197513
26 0.618662 0.721087 0.036954 0.202610
10 0.645422 0.708345 0.054794 0.187319
22 0.694482 0.679673 0.066262 0.168205
30 0.740993 0.652913 0.054794 0.163108
5 0.498243 0.714079 0.020388 0.152913
18 0.484226 0.714079 0.022937 0.152913
3 0.456192 0.710893 0.017840 0.166931
14 0.434529 0.709619 0.025486 0.166931
27 0.407132 0.711530 0.029308 0.201336
11 0.370815 0.691779 0.053520 0.184770
23 0.313473 0.670116 0.048423 0.187319
31 0.254856 0.613411 0.089200 0.094297