7 0.487221 0.461750 0.030452 0.179740
19 0.461596 0.443924 0.026738 0.196080
0 0.431516 0.445781 0.034908 0.199794
12 0.401807 0.462121 0.030452 0.181968
24 0.379525 0.470291 0.036394 0.167114
8 0.344617 0.465463 0.051248 0.178255
20 0.300425 0.466577 0.046049 0.171570
28 0.261803 0.443553 0.044564 0.141861
4 0.518044 0.468434 0.032680 0.160429
16 0.544039 0.472148 0.022282 0.158944
1 0.568178 0.465092 0.027481 0.162657
15 0.594545 0.468063 0.028224 0.170085
25 0.621283 0.469548 0.035651 0.168599
9 0.657305 0.465835 0.039365 0.180483
21 0.698527 0.464349 0.041593 0.170085
29 0.724893 0.420899 0.049763 0.114380
6 0.519158 0.632577 0.020054 0.148546
17 0.536983 0.635548 0.018568 0.145575
2 0.558522 0.636291 0.025995 0.147060
13 0.581918 0.642975 0.026738 0.138147
26 0.607914 0.641861 0.035651 0.146317
10 0.642451 0.641118 0.049763 0.146317
22 0.690357 0.637033 0.051991 0.153002
30 0.750889 0.624407 0.083928 0.120322
5 0.503932 0.634805 0.023767 0.148546
18 0.484250 0.636291 0.025995 0.144089
3 0.461225 0.634434 0.023025 0.147803
14 0.437829 0.638147 0.034165 0.131463
27 0.413691 0.638147 0.034908 0.141861
11 0.375440 0.638147 0.054962 0.146317
23 0.326791 0.635548 0.054219 0.148546
31 0.263659 0.613637 0.083928 0.112152