7 0.488602 0.407743 0.033944 0.179292
19 0.468584 0.408178 0.026981 0.188866
0 0.449001 0.403391 0.031333 0.191477
12 0.426807 0.387290 0.035684 0.185384
24 0.403307 0.376410 0.035684 0.184514
8 0.364577 0.376410 0.046999 0.184514
20 0.324541 0.366837 0.040036 0.179292
4 0.516453 0.416446 0.016537 0.175811
16 0.532554 0.416882 0.019148 0.166237
1 0.551702 0.395123 0.033073 0.211495
15 0.574766 0.388160 0.028722 0.201051
25 0.603488 0.381197 0.025240 0.188866
9 0.629598 0.371188 0.042647 0.182773
21 0.677468 0.369883 0.042647 0.159274
6 0.504703 0.583554 0.019148 0.137515
17 0.521675 0.590516 0.018277 0.137515
2 0.539517 0.610534 0.022629 0.127071
13 0.561276 0.607923 0.038295 0.163626
26 0.583035 0.607923 0.045258 0.172329
10 0.618719 0.597479 0.066147 0.191477
22 0.673551 0.569628 0.087035 0.182773
5 0.486426 0.583118 0.026110 0.140126
18 0.468149 0.594433 0.031333 0.131423
3 0.449871 0.604442 0.029592 0.149700
14 0.428112 0.607923 0.026110 0.172329
27 0.407224 0.594433 0.026110 0.185384
11 0.368929 0.573545 0.073109 0.204532
23 0.314532 0.553962 0.068758 0.205403