7 0.490597 0.492991 0.030838 0.213059
19 0.466067 0.490889 0.029436 0.214461
0 0.444341 0.489487 0.022427 0.200444
12 0.417709 0.495795 0.033641 0.171008
24 0.391777 0.492991 0.032239 0.171008
8 0.352529 0.497897 0.049060 0.164000
20 0.315384 0.502103 0.050461 0.141572
28 0.283145 0.435521 0.047658 0.117743
4 0.513726 0.492291 0.026632 0.206051
16 0.538956 0.508410 0.021026 0.168205
1 0.559281 0.491590 0.022427 0.227076
15 0.583811 0.494393 0.023829 0.190632
25 0.606238 0.503504 0.035043 0.183624
9 0.637076 0.508410 0.037846 0.162598
21 0.679127 0.493692 0.037846 0.169607
29 0.712067 0.455145 0.044855 0.112137
6 0.512324 0.690632 0.015419 0.154188
17 0.529845 0.692034 0.019624 0.162598
2 0.550871 0.713059 0.016820 0.190632
13 0.570495 0.723572 0.014017 0.180820
26 0.592221 0.724974 0.029436 0.192034
10 0.633571 0.720769 0.064479 0.197641
22 0.676323 0.690632 0.068684 0.171008
30 0.728187 0.661196 0.063077 0.142974
5 0.493401 0.686427 0.019624 0.154188
18 0.468871 0.696239 0.021026 0.162598
3 0.457657 0.689931 0.023829 0.147179
14 0.435230 0.726376 0.032239 0.194837
27 0.407196 0.720769 0.032239 0.189230
11 0.372153 0.727076 0.060273 0.218666
23 0.329401 0.701145 0.056068 0.197641
31 0.272632 0.665401 0.068684 0.137367