7 0.486734 0.504350 0.030448 0.212048
19 0.465529 0.508156 0.022836 0.200087
0 0.442693 0.498369 0.031535 0.213136
12 0.423120 0.517943 0.035885 0.182688
24 0.400827 0.531535 0.032623 0.159852
8 0.364942 0.530992 0.052197 0.169639
20 0.327426 0.541866 0.040235 0.163114
28 0.297522 0.525011 0.041322 0.138103
4 0.511745 0.496738 0.028273 0.220748
16 0.533493 0.505437 0.026098 0.205524
1 0.556873 0.506525 0.029361 0.188125
15 0.572641 0.513049 0.036973 0.179426
25 0.596564 0.519574 0.034798 0.168551
9 0.631906 0.519574 0.046759 0.172901
21 0.672684 0.522292 0.041322 0.154415
29 0.704220 0.500000 0.043497 0.114180
17 0.520988 0.701174 0.022836 0.168551
2 0.543280 0.710417 0.026098 0.191387
13 0.567204 0.713680 0.032623 0.182688
26 0.592758 0.715854 0.046759 0.178338
10 0.634081 0.714223 0.070683 0.181600
22 0.678665 0.689756 0.075033 0.156590
6 0.500871 0.695193 0.017399 0.156590
5 0.484015 0.700087 0.020661 0.164202
18 0.466073 0.703349 0.028273 0.175076
3 0.443237 0.707155 0.028273 0.187038
14 0.417682 0.719660 0.031535 0.179426
27 0.392128 0.720748 0.045672 0.172901
11 0.348631 0.720204 0.069595 0.180513