7 0.480861 0.352871 0.038277 0.223684
19 0.447368 0.364833 0.033493 0.226076
0 0.427631 0.369617 0.032297 0.226076
12 0.403110 0.364833 0.040670 0.214115
24 0.373803 0.366029 0.037081 0.216507
8 0.339712 0.372010 0.043062 0.214115
20 0.302033 0.373804 0.046651 0.200957
28 0.265550 0.362440 0.045454 0.183014
4 0.509569 0.358254 0.035885 0.229665
16 0.540071 0.350479 0.027512 0.252392
1 0.563994 0.356460 0.029904 0.230861
15 0.588516 0.354067 0.038277 0.214115
25 0.617224 0.364833 0.040670 0.204545
9 0.652511 0.366029 0.044258 0.194976
21 0.690789 0.368421 0.039474 0.166268
29 0.725478 0.361842 0.046651 0.124402
6 0.507176 0.563995 0.023923 0.160287
17 0.525717 0.559809 0.022727 0.163875
2 0.550239 0.578349 0.023923 0.181818
13 0.571171 0.573564 0.025120 0.188995
26 0.593899 0.572966 0.046651 0.211722
10 0.630980 0.563397 0.063397 0.190191
22 0.688396 0.545454 0.084928 0.187799
30 0.734449 0.502990 0.083732 0.174641
5 0.487440 0.562799 0.025120 0.160287
18 0.465310 0.558014 0.026316 0.148325
3 0.443779 0.584928 0.031100 0.199761
14 0.419258 0.581938 0.032297 0.210526
27 0.395932 0.580143 0.031100 0.202153
11 0.360645 0.568780 0.051435 0.186603
23 0.304425 0.568182 0.075359 0.183014
31 0.257775 0.529306 0.075359 0.188995