7 0.462216 0.391551 0.037070 0.220103
19 0.433834 0.405452 0.038228 0.196934
0 0.407190 0.399081 0.038228 0.214311
12 0.375333 0.390393 0.044021 0.224736
24 0.356798 0.390972 0.032436 0.211994
8 0.319728 0.381704 0.044021 0.195776
20 0.282079 0.360273 0.049813 0.203885
28 0.253118 0.355060 0.031278 0.163339
4 0.502761 0.393289 0.039387 0.205043
16 0.536356 0.412403 0.034753 0.180716
1 0.568213 0.386338 0.038228 0.235162
15 0.593119 0.390972 0.046337 0.223578
25 0.624397 0.374175 0.034753 0.222420
9 0.665521 0.376491 0.052130 0.187667
21 0.704329 0.368382 0.048654 0.180716
29 0.739082 0.345214 0.044021 0.180716
6 0.525930 0.623817 0.027802 0.179557
17 0.548519 0.615129 0.033595 0.196934
2 0.580955 0.634823 0.056763 0.194617
13 0.602386 0.608758 0.041704 0.188825
26 0.629030 0.602966 0.064872 0.211994
10 0.663783 0.590802 0.069506 0.208518
22 0.707804 0.542727 0.060239 0.149438
30 0.759354 0.515504 0.086883 0.152913
5 0.501602 0.615708 0.032436 0.191142
18 0.473800 0.591381 0.032436 0.151755
3 0.433255 0.603545 0.048654 0.189983
14 0.415299 0.597753 0.045179 0.183033
27 0.385759 0.587327 0.064872 0.201568
11 0.352164 0.556628 0.055605 0.154072
23 0.300614 0.544465 0.063714 0.157547
31 0.263544 0.517241 0.061397 0.158706