7 0.488602 0.474760 0.040906 0.191477
19 0.455964 0.472149 0.040036 0.181033
0 0.429853 0.474760 0.033073 0.201921
12 0.405048 0.488250 0.035684 0.176681
24 0.381984 0.489121 0.036555 0.161015
8 0.352827 0.506528 0.042647 0.133163
20 0.310180 0.491732 0.039166 0.164496
28 0.274061 0.479112 0.038295 0.161885
4 0.528203 0.485204 0.031333 0.177551
16 0.553443 0.483899 0.022629 0.178422
1 0.581294 0.486945 0.029592 0.194958
15 0.606099 0.490426 0.032203 0.189736
25 0.628728 0.502611 0.035684 0.160144
9 0.672246 0.507398 0.047869 0.154052
21 0.700967 0.490861 0.042647 0.140126
29 0.722291 0.429067 0.057443 0.105312
6 0.514712 0.673200 0.023499 0.158404
17 0.540388 0.687125 0.020888 0.172329
2 0.564757 0.691042 0.022629 0.194088
13 0.592173 0.702791 0.028722 0.170589
26 0.623071 0.698440 0.041777 0.179292
10 0.664848 0.684514 0.064406 0.149700
22 0.711411 0.654487 0.063536 0.140126
30 0.752753 0.632293 0.060924 0.142737
5 0.492518 0.676681 0.024370 0.156663
18 0.471630 0.677116 0.027851 0.159274
3 0.444649 0.696264 0.031333 0.185384
14 0.417233 0.685820 0.026981 0.176681
27 0.390687 0.681468 0.034814 0.174940
11 0.349781 0.681033 0.057443 0.184514
23 0.308875 0.670153 0.050480 0.166237