7 0.474937 0.433462 0.047869 0.186690
19 0.444780 0.435377 0.035423 0.169457
0 0.422281 0.428675 0.038295 0.179031
12 0.394996 0.423888 0.037338 0.179031
24 0.372976 0.421494 0.043082 0.183818
8 0.338031 0.410485 0.051699 0.165628
20 0.297342 0.403304 0.043082 0.183818
28 0.268142 0.418144 0.049784 0.115844
4 0.509882 0.420537 0.043082 0.199136
16 0.537167 0.417665 0.026807 0.199136
1 0.561581 0.434898 0.031594 0.195306
15 0.592696 0.441121 0.038295 0.182860
25 0.618545 0.443036 0.034466 0.177116
9 0.658697 0.430797 0.054237 0.168500
21 0.688434 0.438727 0.053614 0.139778
29 0.723857 0.421973 0.061273 0.090952
6 0.511797 0.630204 0.022020 0.191477
17 0.530466 0.628768 0.030636 0.163713
2 0.552964 0.630683 0.033508 0.182860
13 0.574984 0.654618 0.037338 0.186690
26 0.601791 0.655096 0.044997 0.191477
10 0.643437 0.648873 0.065102 0.184775
22 0.687477 0.621588 0.065102 0.155096
30 0.743962 0.590473 0.078506 0.106270
5 0.496000 0.642172 0.032551 0.180946
18 0.475416 0.646001 0.031594 0.192434
3 0.449567 0.642172 0.027764 0.205838
14 0.425632 0.648873 0.035423 0.213497
27 0.398825 0.639778 0.037338 0.220198
11 0.360051 0.625417 0.063187 0.204880
23 0.312661 0.599568 0.069889 0.176159
31 0.262877 0.572283 0.067974 0.129247