7 0.475895 0.464577 0.040210 0.176159
19 0.448130 0.459790 0.042125 0.170414
0 0.413186 0.458832 0.035423 0.174244
12 0.393081 0.462662 0.043082 0.172329
24 0.362923 0.466013 0.036381 0.148395
4 0.514190 0.471757 0.045954 0.161798
16 0.547220 0.474629 0.037338 0.159883
1 0.580250 0.477501 0.036381 0.173287
15 0.604663 0.481810 0.046912 0.170414
17 0.518498 0.653182 0.031594 0.166585
2 0.543390 0.673287 0.027764 0.214454
13 0.569718 0.672329 0.040210 0.191477
26 0.605620 0.668978 0.044997 0.180946
6 0.493128 0.658447 0.026807 0.194349
10 0.640565 0.662755 0.063187 0.178074
22 0.692742 0.655575 0.066060 0.163713
5 0.473980 0.660362 0.022977 0.179031
18 0.453396 0.654618 0.025849 0.184775
3 0.428025 0.658447 0.026807 0.194349
27 0.399783 0.658926 0.037338 0.187647
27 0.376327 0.659883 0.038295 0.179988
11 0.339946 0.649352 0.057443 0.168500
23 0.290162 0.646576 0.061273 0.174435