7 0.497244 0.436813 0.040019 0.225368
19 0.471443 0.424175 0.024222 0.216943
0 0.441955 0.414170 0.036859 0.236953
12 0.407729 0.411011 0.035806 0.192722
24 0.380874 0.414697 0.032647 0.172712
8 0.347174 0.405219 0.045284 0.183243
20 0.304523 0.389422 0.048444 0.179031
28 0.269243 0.392055 0.047391 0.140065
4 0.532524 0.435233 0.024222 0.222209
16 0.555693 0.436286 0.026328 0.207465
1 0.578861 0.408905 0.024222 0.236953
15 0.605716 0.421016 0.027381 0.206412
25 0.627832 0.438392 0.033700 0.188509
9 0.666271 0.423649 0.034753 0.186403
21 0.702603 0.409431 0.035806 0.170606
29 0.733144 0.401006 0.044231 0.128481
6 0.516201 0.661654 0.023169 0.161128
17 0.538843 0.673765 0.020009 0.193775
2 0.565171 0.689036 0.038966 0.245378
13 0.586760 0.667447 0.035806 0.219050
26 0.612035 0.652176 0.035806 0.171659
10 0.651000 0.647437 0.069506 0.191668
22 0.703656 0.621636 0.075825 0.182190
30 0.750520 0.566873 0.085303 0.154809
5 0.488819 0.659548 0.027381 0.167447
18 0.463544 0.666920 0.021062 0.182190
3 0.437216 0.672186 0.033700 0.230634
14 0.414574 0.659022 0.028434 0.214837
27 0.390879 0.639012 0.035806 0.202200
11 0.354546 0.631640 0.055816 0.214837
23 0.297678 0.610578 0.064241 0.204306
31 0.249760 0.574245 0.065294 0.169553