7 0.489234 0.468900 0.028708 0.197368
19 0.460526 0.472488 0.016746 0.185406
0 0.440789 0.464713 0.029904 0.196172
12 0.422248 0.474282 0.033493 0.184210
24 0.395334 0.473684 0.041866 0.180622
8 0.360047 0.480263 0.057416 0.191387
20 0.321172 0.483852 0.037081 0.167464
28 0.291268 0.459330 0.049043 0.123206
4 0.519138 0.473086 0.026316 0.193780
16 0.543660 0.465909 0.022727 0.203349
1 0.566387 0.462919 0.025120 0.216507
15 0.591506 0.471292 0.032297 0.202153
25 0.608851 0.462919 0.045454 0.214115
9 0.642942 0.478469 0.041866 0.209330
21 0.679425 0.482656 0.035885 0.200957
29 0.713516 0.478469 0.044258 0.156698
6 0.507774 0.674641 0.015550 0.161483
17 0.523923 0.675239 0.019139 0.153110
2 0.546052 0.692583 0.020335 0.216507
13 0.567583 0.703947 0.029904 0.198564
26 0.593301 0.697966 0.043062 0.186603
10 0.631578 0.699761 0.064593 0.187799
22 0.690789 0.660885 0.080143 0.131579
5 0.491626 0.674043 0.019139 0.165072
18 0.471889 0.673445 0.022727 0.168660
3 0.452751 0.664473 0.022727 0.174641
14 0.430621 0.668660 0.026316 0.171052
27 0.404306 0.677631 0.038277 0.193780
23 0.325957 0.689593 0.072966 0.200957
31 0.284689 0.684210 0.057416 0.175837