7 0.487383 0.527764 0.036381 0.168500
19 0.467278 0.528722 0.030636 0.155096
0 0.441429 0.522499 0.028722 0.182860
12 0.415101 0.534945 0.037338 0.171372
24 0.391166 0.535902 0.037338 0.165628
8 0.359572 0.539253 0.041168 0.158926
20 0.320798 0.551699 0.036381 0.139778
28 0.291598 0.488033 0.060315 0.127332
4 0.515626 0.544997 0.029679 0.139778
16 0.534774 0.541168 0.023935 0.141693
1 0.562059 0.545954 0.024892 0.149352
15 0.586951 0.556964 0.040210 0.127332
25 0.607056 0.565581 0.034466 0.117758
9 0.640565 0.558400 0.047869 0.120630
21 0.675509 0.565102 0.062230 0.103398
29 0.708539 0.498564 0.055528 0.089037
6 0.513233 0.711582 0.019148 0.157011
17 0.530466 0.703923 0.028722 0.174244
2 0.546262 0.716369 0.029679 0.170414
13 0.567804 0.722592 0.030636 0.175201
26 0.589345 0.729772 0.041168 0.189562
10 0.628119 0.722592 0.063187 0.184775
22 0.672158 0.710146 0.065102 0.179031
5 0.712369 0.705838 0.055528 0.166585
5 0.497914 0.705359 0.022977 0.159883
18 0.482118 0.706316 0.023935 0.171372
3 0.464885 0.706316 0.025849 0.156054
14 0.442865 0.717326 0.037338 0.183818
27 0.412229 0.724507 0.039253 0.186690
11 0.373933 0.718284 0.052656 0.181903
23 0.328936 0.713975 0.054571 0.171372