7 0.477281 0.509111 0.032239 0.172410
19 0.445042 0.514718 0.026632 0.180820
0 0.411401 0.497197 0.037846 0.213059
12 0.382666 0.506308 0.039248 0.164000
24 0.355333 0.504906 0.035043 0.166803
8 0.327999 0.505607 0.050461 0.156991
20 0.289452 0.499299 0.046256 0.135966
28 0.247401 0.446034 0.049060 0.127555
4 0.515828 0.499299 0.033641 0.175213
16 0.544563 0.500000 0.032239 0.165401
1 0.569794 0.483880 0.037846 0.203247
15 0.604836 0.483880 0.023829 0.189230
25 0.630067 0.489487 0.035043 0.178017
9 0.679828 0.491590 0.050461 0.173812
21 0.706460 0.477573 0.042051 0.148581
29 0.729588 0.441829 0.051863 0.116342
6 0.520033 0.683624 0.033641 0.145777
17 0.541059 0.689230 0.022427 0.151384
2 0.565589 0.698342 0.035043 0.197641
13 0.602033 0.696239 0.029436 0.190632
26 0.616050 0.692034 0.032239 0.199042
10 0.650392 0.681521 0.053265 0.183624
22 0.712768 0.664701 0.060273 0.161196
30 0.749212 0.628957 0.054667 0.134564
5 0.497606 0.685025 0.025231 0.145777
18 0.470973 0.685025 0.025231 0.134564
3 0.445743 0.703247 0.033641 0.187829
14 0.419110 0.699743 0.025231 0.183624
27 0.388974 0.695538 0.029436 0.192034
11 0.351828 0.687128 0.056068 0.192034
23 0.302769 0.673111 0.061675 0.183624
31 0.259316 0.650683 0.061675 0.158393