7 0.487221 0.502043 0.031863 0.176472
19 0.462302 0.492647 0.032680 0.177289
0 0.432890 0.488562 0.034314 0.177289
12 0.408380 0.488562 0.037582 0.175655
24 0.380602 0.491421 0.032680 0.171570
8 0.343837 0.490604 0.044118 0.171570
20 0.301761 0.493464 0.040033 0.164217
28 0.263771 0.492647 0.040850 0.133171
4 0.517041 0.506536 0.029412 0.180557
16 0.544819 0.500817 0.029412 0.185459
1 0.571372 0.501226 0.025327 0.174838
15 0.596290 0.504494 0.024510 0.169936
25 0.622434 0.504494 0.024510 0.165034
9 0.655523 0.504902 0.038399 0.165851
21 0.695556 0.502860 0.036765 0.160132
29 0.729461 0.456699 0.058824 0.102125
6 0.518675 0.671570 0.021242 0.120099
17 0.539917 0.672796 0.019608 0.120916
2 0.563610 0.673613 0.027778 0.132354
13 0.587303 0.677698 0.027778 0.119282
26 0.612630 0.677698 0.029412 0.114380
10 0.651438 0.671162 0.054739 0.125818
22 0.700049 0.667894 0.057190 0.130720
30 0.747844 0.668302 0.053105 0.126635
5 0.497842 0.674021 0.020425 0.136439
18 0.478234 0.669119 0.022059 0.128269
3 0.454949 0.669119 0.031046 0.128269
14 0.430848 0.667485 0.030229 0.131537
27 0.402661 0.667485 0.031046 0.138073
11 0.359360 0.662992 0.062092 0.140524
23 0.310748 0.662175 0.056373 0.148694
31 0.262137 0.657681 0.053922 0.144609