7 0.481258 0.458065 0.041935 0.204137
4 0.513699 0.460043 0.032440 0.212840
16 0.542183 0.471516 0.030858 0.205719
1 0.568293 0.481011 0.040353 0.207301
15 0.604283 0.486826 0.045357 0.187419
25 0.617349 0.491297 0.034023 0.180400
9 0.654141 0.492879 0.044309 0.177235
21 0.696868 0.469933 0.055386 0.181982
29 0.732077 0.474681 0.046682 0.145586
19 0.454357 0.467955 0.030858 0.189103
0 0.426268 0.459647 0.042726 0.193059
12 0.400158 0.460834 0.031649 0.195433
24 0.373652 0.455691 0.041935 0.191477
8 0.340816 0.460439 0.049056 0.194642
20 0.296902 0.448966 0.045100 0.170114
28 0.264858 0.436306 0.044309 0.152707
6 0.506380 0.669995 0.026981 0.164496
17 0.529009 0.651718 0.028722 0.138386
2 0.563388 0.679134 0.048740 0.156663
13 0.583841 0.681310 0.051351 0.171459
26 0.613433 0.677393 0.049610 0.177551
10 0.653904 0.662162 0.067887 0.181903
22 0.702208 0.658245 0.065276 0.177551
30 0.733627 0.629772 0.068758 0.129682
5 0.487667 0.661292 0.024370 0.154052
18 0.463733 0.648236 0.035684 0.155793
3 0.438493 0.671301 0.040906 0.179292
14 0.421483 0.667049 0.037425 0.194958
27 0.384531 0.657375 0.046129 0.184514
11 0.342754 0.637357 0.067017 0.156663
23 0.293144 0.621256 0.063536 0.162755
31 0.242664 0.575127 0.067017 0.155793