7 0.484559 0.494563 0.043497 0.148978
19 0.460636 0.500000 0.026098 0.146803
0 0.434537 0.509243 0.039147 0.167464
12 0.412245 0.509787 0.035885 0.175076
24 0.381254 0.528817 0.045672 0.152240
8 0.349718 0.538060 0.043497 0.146803
20 0.304590 0.521749 0.053284 0.105481
4 0.520444 0.498369 0.030448 0.134841
16 0.545455 0.502175 0.030448 0.142453
1 0.574272 0.514680 0.029361 0.154415
15 0.593302 0.520117 0.030448 0.152240
25 0.621031 0.532079 0.031535 0.156590
9 0.646586 0.544585 0.041322 0.151152
21 0.689539 0.548934 0.040235 0.142453
6 0.524250 0.678338 0.031535 0.164202
17 0.543280 0.684863 0.023923 0.177251
2 0.561767 0.689756 0.023923 0.178338
13 0.585146 0.696824 0.031535 0.181600
26 0.615594 0.705524 0.044585 0.179426
10 0.649305 0.705524 0.061983 0.162027
22 0.697695 0.702262 0.073945 0.151152
30 0.733036 0.672357 0.055459 0.141366
5 0.502502 0.674532 0.025011 0.167464
18 0.482384 0.675076 0.028273 0.148978
3 0.459005 0.680513 0.027186 0.153327
14 0.435081 0.691387 0.029361 0.172901
27 0.407352 0.695737 0.039147 0.172901
11 0.369836 0.702805 0.061983 0.160939
23 0.320901 0.694650 0.059809 0.155502
31 0.279579 0.668008 0.048934 0.128316