7 0.491979 0.461561 0.025275 0.199040
19 0.463544 0.455769 0.029487 0.189562
0 0.439323 0.436286 0.027381 0.213784
12 0.414574 0.434180 0.030541 0.201146
24 0.386666 0.431020 0.037912 0.190615
8 0.350860 0.428388 0.040019 0.168500
20 0.311368 0.416803 0.036859 0.160075
28 0.281354 0.386789 0.044231 0.144278
4 0.517780 0.463667 0.028434 0.203253
16 0.545161 0.467880 0.026328 0.175872
1 0.570436 0.458402 0.022116 0.201146
15 0.594658 0.455242 0.026328 0.205359
25 0.618353 0.447344 0.025275 0.191668
9 0.648894 0.440499 0.037912 0.180084
21 0.689439 0.430494 0.034753 0.164287
29 0.725245 0.414697 0.030541 0.145331
6 0.509355 0.653756 0.013691 0.103206
17 0.528838 0.657442 0.021062 0.119003
2 0.553060 0.665867 0.025275 0.152703
13 0.580441 0.657442 0.031594 0.154809
26 0.599924 0.654809 0.034753 0.172712
10 0.648367 0.637433 0.064241 0.171659
22 0.686280 0.617950 0.053709 0.160075
30 0.744202 0.556342 0.081090 0.104259
5 0.495665 0.654809 0.017903 0.111631
18 0.476182 0.653229 0.021062 0.131640
3 0.446694 0.657968 0.037912 0.172712
14 0.421946 0.646384 0.030541 0.183243
27 0.394565 0.632167 0.028434 0.163234
11 0.355599 0.622689 0.066347 0.167447
23 0.309788 0.600047 0.073719 0.164287
31 0.264504 0.537912 0.071612 0.126375