7 0.476580 0.487894 0.035680 0.207707
19 0.439626 0.471329 0.035680 0.217902
0 0.405221 0.470054 0.025486 0.212805
12 0.382284 0.477063 0.033131 0.198787
24 0.352338 0.474514 0.039503 0.191142
8 0.318570 0.475152 0.045874 0.174576
20 0.274607 0.438197 0.052245 0.159285
4 0.505889 0.485983 0.038228 0.224273
16 0.537746 0.474514 0.035680 0.208982
1 0.563868 0.457949 0.036954 0.226822
15 0.589354 0.468143 0.029308 0.221725
25 0.623759 0.470054 0.031857 0.225547
9 0.660714 0.463046 0.054794 0.198787
21 0.708499 0.458586 0.050971 0.156736
6 0.503977 0.667568 0.016566 0.105765
17 0.522454 0.679036 0.025486 0.126154
2 0.551126 0.696239 0.029308 0.203885
13 0.582345 0.691142 0.025486 0.214079
26 0.619937 0.694965 0.042051 0.201336
10 0.665811 0.687956 0.049697 0.205159
22 0.716782 0.661833 0.072634 0.180948
30 0.774762 0.626154 0.079005 0.160559
5 0.486775 0.670116 0.022937 0.100668
18 0.465749 0.682859 0.024211 0.138896
3 0.441538 0.691142 0.031857 0.206433
14 0.407132 0.689230 0.031857 0.189868
27 0.381647 0.685408 0.029308 0.200062
11 0.344692 0.680310 0.062440 0.205159
23 0.285438 0.643994 0.073908 0.188593
31 0.222362 0.634436 0.067537 0.133799