7 0.472368 0.457895 0.039474 0.209210
19 0.446052 0.462500 0.028947 0.197368
0 0.420394 0.461842 0.038158 0.209210
12 0.401315 0.476316 0.028947 0.188158
24 0.375000 0.484211 0.044737 0.182894
8 0.349342 0.486184 0.048684 0.171052
20 0.305263 0.502632 0.052632 0.138158
4 0.509868 0.444079 0.035526 0.236842
16 0.536184 0.469079 0.030263 0.194737
1 0.561183 0.471053 0.032895 0.214473
15 0.583552 0.481579 0.035526 0.201316
25 0.606578 0.496053 0.036842 0.180263
9 0.636841 0.508553 0.050000 0.168421
21 0.677631 0.496711 0.042105 0.178947
29 0.717104 0.525000 0.047368 0.156579
6 0.509210 0.674342 0.023684 0.168421
17 0.531578 0.675000 0.021053 0.177631
2 0.555262 0.680263 0.031579 0.211842
13 0.575657 0.678289 0.038158 0.173684
26 0.603947 0.690131 0.042105 0.189473
10 0.636183 0.678947 0.053947 0.164473
22 0.682894 0.672368 0.065789 0.161842
30 0.728289 0.642763 0.059210 0.071053
5 0.490131 0.673026 0.027632 0.163158
18 0.468420 0.675000 0.026316 0.167105
3 0.442763 0.694079 0.027632 0.202631
14 0.423026 0.671710 0.038158 0.171052
27 0.397368 0.678289 0.042105 0.181579
11 0.361842 0.666447 0.065789 0.168421
23 0.317763 0.662500 0.059210 0.168421