7 0.492888 0.455003 0.024892 0.189562
19 0.467996 0.442078 0.019148 0.194349
0 0.439275 0.439685 0.030636 0.189562
12 0.418691 0.437770 0.033508 0.189562
24 0.393799 0.435855 0.037338 0.201051
8 0.362205 0.428196 0.039253 0.183818
20 0.328697 0.423409 0.039253 0.187647
28 0.295188 0.418622 0.035423 0.176159
4 0.515387 0.455482 0.027764 0.209667
16 0.545066 0.455482 0.029679 0.177116
1 0.574266 0.459790 0.021062 0.187647
15 0.585755 0.455960 0.021062 0.181903
25 0.612083 0.455003 0.027764 0.193392
9 0.638411 0.455482 0.028722 0.209667
21 0.674313 0.437291 0.048827 0.180946
29 0.711651 0.423888 0.037338 0.154139
6 0.505334 0.645522 0.015318 0.120630
17 0.522088 0.646001 0.010531 0.152224
2 0.544108 0.659405 0.023935 0.186690
13 0.564692 0.662755 0.017233 0.172329
26 0.593892 0.660841 0.025849 0.179988
10 0.644155 0.641693 0.057443 0.162755
22 0.671440 0.634513 0.043082 0.156054
30 0.722661 0.611535 0.061273 0.154139
5 0.489537 0.637385 0.012446 0.123503
18 0.471347 0.634034 0.023935 0.130204
3 0.456508 0.657490 0.019148 0.177116
14 0.434009 0.655096 0.025849 0.191477
27 0.410074 0.653182 0.031594 0.183818
11 0.372258 0.634034 0.065102 0.195306
23 0.329654 0.614407 0.058400 0.177116
31 0.276998 0.593345 0.064145 0.159883