7 0.492814 0.493080 0.027680 0.210566
19 0.466617 0.492586 0.030646 0.207600
0 0.441902 0.486160 0.034600 0.218474
12 0.417682 0.492586 0.031634 0.197714
24 0.388520 0.494563 0.040531 0.179920
8 0.353920 0.494069 0.056349 0.171023
20 0.309928 0.491597 0.045474 0.146308
4 0.519505 0.492091 0.027680 0.220451
16 0.543725 0.494069 0.030646 0.216497
1 0.569922 0.490609 0.031634 0.211554
15 0.592165 0.492586 0.036577 0.199691
25 0.618857 0.493574 0.036577 0.197714
9 0.652468 0.494069 0.042509 0.169046
21 0.692999 0.470343 0.040531 0.163114
6 0.515057 0.693266 0.018783 0.166080
17 0.533839 0.696231 0.022737 0.173988
2 0.556577 0.694748 0.026691 0.159160
13 0.581785 0.696231 0.029657 0.164103
26 0.609959 0.696726 0.042509 0.173000
10 0.658894 0.685851 0.083040 0.188817
5 0.497757 0.692277 0.019771 0.170034
18 0.480951 0.693266 0.023726 0.177943
3 0.457719 0.695243 0.032623 0.183874
14 0.432511 0.689806 0.031634 0.174977
27 0.405820 0.687828 0.045474 0.190794
11 0.364300 0.685851 0.073154 0.188817
31 0.283237 0.632963 0.086994 0.126537