7 0.482118 0.501915 0.039253 0.191477
19 0.451960 0.500479 0.030636 0.194349
0 0.424196 0.481331 0.030636 0.215412
12 0.398346 0.471278 0.024892 0.185733
24 0.375369 0.466013 0.026807 0.167542
8 0.355264 0.453567 0.034466 0.150309
20 0.318405 0.412878 0.033508 0.166585
28 0.293034 0.405219 0.036381 0.134034
4 0.510360 0.500000 0.026807 0.197221
16 0.540997 0.486597 0.030636 0.187647
1 0.557751 0.462662 0.033508 0.204880
15 0.593174 0.456918 0.033508 0.181903
25 0.613279 0.439206 0.039253 0.184775
9 0.641522 0.430590 0.044040 0.161798
21 0.675988 0.405698 0.057443 0.150309
6 0.509403 0.678552 0.021062 0.144565
17 0.532380 0.677595 0.021062 0.148395
2 0.554400 0.677595 0.024892 0.161798
13 0.583122 0.662755 0.038295 0.172329
26 0.601791 0.657011 0.035423 0.193392
10 0.642001 0.631162 0.073719 0.195306
22 0.684604 0.596696 0.078506 0.158926
30 0.739175 0.528722 0.091909 0.080420
5 0.484990 0.677595 0.027764 0.148395
18 0.459140 0.677595 0.016276 0.142650
3 0.439514 0.677595 0.022977 0.156054
14 0.409835 0.658447 0.024892 0.157968
27 0.385900 0.653182 0.022977 0.170414
11 0.353828 0.650788 0.067974 0.202008
23 0.307395 0.610099 0.045954 0.210625
31 0.270536 0.565102 0.054571 0.199136