7 0.472015 0.478545 0.037313 0.199627
19 0.434701 0.482276 0.029851 0.173507
0 0.401119 0.486940 0.026119 0.175373
12 0.383396 0.488806 0.035448 0.186567
24 0.352612 0.489739 0.022388 0.158582
8 0.312500 0.488806 0.057836 0.164179
20 0.270522 0.486940 0.037313 0.175373
28 0.249067 0.437500 0.057836 0.125000
4 0.512127 0.480410 0.031716 0.210821
16 0.553172 0.483209 0.035448 0.197761
1 0.585821 0.486007 0.026119 0.192164
9 0.679104 0.488806 0.048507 0.186567
21 0.719216 0.488806 0.046642 0.164179
29 0.743470 0.411381 0.065299 0.121269
6 0.501866 0.669776 0.022388 0.171642
17 0.530784 0.689366 0.024254 0.195896
2 0.562500 0.687500 0.027985 0.195896
13 0.579291 0.677239 0.031716 0.186567
26 0.611007 0.682836 0.031716 0.201493
10 0.652052 0.681903 0.050373 0.184701
22 0.714552 0.680970 0.059701 0.190299
30 0.755597 0.607276 0.059701 0.117537
5 0.475746 0.684701 0.029851 0.182836
18 0.466418 0.694030 0.022388 0.194030
3 0.444963 0.712687 0.027985 0.246269
14 0.414179 0.709888 0.033582 0.240672
27 0.378731 0.712687 0.037313 0.246269
11 0.343284 0.681903 0.063433 0.188433
23 0.287313 0.676306 0.052239 0.188433
31 0.232276 0.618470 0.069030 0.188433