7 0.478492 0.505097 0.021663 0.188593
19 0.460015 0.506371 0.020388 0.178399
0 0.435166 0.505734 0.034406 0.189868
12 0.407769 0.503823 0.030583 0.178399
24 0.386106 0.502549 0.030583 0.158011
8 0.352975 0.503186 0.045874 0.159285
20 0.309650 0.499363 0.050971 0.110862
28 0.301367 0.405066 0.062440 0.110862
4 0.505889 0.509557 0.035680 0.200062
16 0.526277 0.500637 0.022937 0.194965
1 0.557497 0.503186 0.024211 0.179673
15 0.571514 0.501274 0.031857 0.163108
25 0.607194 0.496814 0.042051 0.166931
9 0.637139 0.505097 0.033131 0.150365
21 0.677916 0.505734 0.035680 0.103217
29 0.693208 0.410800 0.048423 0.127428
6 0.508437 0.689230 0.020388 0.131251
17 0.525640 0.696239 0.014017 0.147816
2 0.551126 0.714716 0.024211 0.202610
13 0.566417 0.712805 0.026760 0.203885
26 0.583620 0.712167 0.025486 0.189868
10 0.625671 0.698787 0.050971 0.186045
22 0.669634 0.667568 0.047148 0.154188
30 0.719330 0.631251 0.052245 0.124879
5 0.488049 0.686045 0.020388 0.129976
18 0.470209 0.691779 0.015291 0.143994
3 0.452369 0.691779 0.020388 0.172028
14 0.426883 0.713442 0.030583 0.184770
27 0.398849 0.695602 0.028034 0.172028
11 0.366355 0.696239 0.059891 0.198787
23 0.316658 0.663745 0.072634 0.154188
31 0.267599 0.642082 0.073908 0.123605