7 0.478035 0.495107 0.034798 0.187038
19 0.454111 0.500000 0.023923 0.179426
0 0.432906 0.499456 0.033710 0.171814
12 0.405177 0.485863 0.028273 0.183775
24 0.379622 0.494019 0.038060 0.171814
8 0.350806 0.499456 0.045672 0.171814
20 0.313289 0.494563 0.042410 0.157677
28 0.279035 0.480970 0.047847 0.154415
4 0.511201 0.483145 0.031535 0.210961
16 0.535125 0.478795 0.025011 0.224010
1 0.559592 0.473358 0.032623 0.230535
25 0.606351 0.486951 0.034798 0.194650
9 0.636255 0.490213 0.051109 0.188125
21 0.671597 0.497825 0.043497 0.159852
29 0.707482 0.484232 0.045672 0.152240
6 0.494890 0.671270 0.022836 0.139191
17 0.513376 0.675076 0.022836 0.159852
2 0.532406 0.688125 0.032623 0.194650
13 0.569922 0.685950 0.029361 0.183775
26 0.596564 0.679969 0.030448 0.195737
10 0.627556 0.672901 0.057634 0.179426
30 0.702588 0.631579 0.072858 0.131579
5 0.476947 0.673445 0.019574 0.145715
18 0.460092 0.677794 0.022836 0.158764
3 0.443781 0.700087 0.029361 0.205524
14 0.418770 0.679426 0.031535 0.181600
27 0.394303 0.679969 0.039147 0.184863
11 0.361136 0.675076 0.057634 0.177251
23 0.317639 0.654415 0.061983 0.153327
31 0.279035 0.630491 0.058721 0.144628