7 0.486388 0.533117 0.028669 0.187828
19 0.464145 0.527680 0.025703 0.180908
0 0.444868 0.519277 0.028669 0.179920
12 0.421637 0.498023 0.035589 0.188817
24 0.395440 0.491597 0.034600 0.179920
8 0.362817 0.480229 0.044486 0.184863
20 0.326734 0.461940 0.043497 0.158171
28 0.298560 0.433766 0.044486 0.133457
4 0.511597 0.520266 0.027680 0.203646
16 0.532851 0.513840 0.030646 0.208588
1 0.553611 0.507414 0.034600 0.213531
15 0.574865 0.500494 0.035589 0.195737
25 0.598097 0.493574 0.034600 0.179920
9 0.628248 0.482700 0.051406 0.162126
21 0.662848 0.461446 0.051406 0.149274
29 0.695965 0.442663 0.054371 0.141366
6 0.504182 0.695243 0.018783 0.092926
17 0.520988 0.697220 0.020760 0.132468
2 0.540265 0.701174 0.023726 0.158171
13 0.562508 0.703646 0.034600 0.184863
26 0.588705 0.687828 0.049429 0.182886
10 0.630225 0.665091 0.079086 0.180908
22 0.670262 0.628020 0.082051 0.181897
30 0.715242 0.571177 0.075131 0.103800
5 0.487377 0.692277 0.022737 0.096880
18 0.471559 0.701174 0.022737 0.118628
3 0.448822 0.701668 0.030646 0.157183
14 0.427568 0.689311 0.037566 0.164103
27 0.404337 0.679426 0.044486 0.173988
11 0.360345 0.667563 0.071177 0.179920
23 0.318825 0.626043 0.075131 0.170034
31 0.277800 0.574143 0.072166 0.157183