7 0.492221 0.462929 0.032623 0.197714
19 0.461081 0.458974 0.025703 0.193760
0 0.433401 0.463423 0.043497 0.210566
12 0.406215 0.469849 0.034600 0.185851
24 0.377052 0.465894 0.039543 0.197714
8 0.345912 0.480229 0.050417 0.167068
20 0.301921 0.479240 0.041520 0.165091
28 0.265344 0.470837 0.049429 0.136423
4 0.527809 0.465894 0.032623 0.199691
16 0.556972 0.469354 0.021749 0.192771
1 0.584158 0.470837 0.030646 0.215508
15 0.604918 0.477263 0.032623 0.208588
25 0.628643 0.482206 0.032623 0.194748
9 0.664232 0.502966 0.048440 0.180908
21 0.708718 0.506920 0.038554 0.161137
29 0.742823 0.495057 0.051406 0.155206
6 0.516441 0.703646 0.017794 0.165091
17 0.532752 0.696726 0.026691 0.204634
2 0.557961 0.703646 0.019771 0.161137
13 0.582181 0.709577 0.020760 0.157183
26 0.610849 0.705623 0.030646 0.147297
10 0.649898 0.706611 0.059314 0.155206
22 0.701303 0.705128 0.067223 0.154217
30 0.742823 0.684368 0.049429 0.156194
5 0.499141 0.685851 0.024714 0.184863
18 0.475909 0.698208 0.021749 0.168057
3 0.451195 0.695243 0.035589 0.154217
14 0.427469 0.690794 0.037566 0.165091
27 0.393364 0.705128 0.054371 0.154217
11 0.351844 0.692771 0.070189 0.167068
23 0.304392 0.687828 0.062280 0.178931
31 0.245078 0.653228 0.087983 0.131480