7 0.490734 0.442557 0.025849 0.193392
19 0.469193 0.443993 0.024892 0.188605
0 0.447652 0.436813 0.025849 0.204880
12 0.427068 0.428675 0.028722 0.173287
24 0.404569 0.432983 0.029679 0.172329
8 0.379677 0.421494 0.041168 0.158926
20 0.342339 0.410485 0.035423 0.146480
28 0.324628 0.345382 0.038295 0.113929
4 0.513711 0.440642 0.018190 0.195306
16 0.530944 0.443514 0.020105 0.202966
1 0.548656 0.440642 0.013403 0.204880
15 0.563974 0.445908 0.019148 0.190520
25 0.588866 0.447344 0.022977 0.181903
9 0.608971 0.437770 0.030636 0.158926
21 0.642958 0.427717 0.037338 0.154139
29 0.661149 0.363573 0.046912 0.067974
6 0.503659 0.640257 0.009574 0.125417
17 0.516105 0.640257 0.009574 0.125417
2 0.529508 0.644565 0.015318 0.143608
13 0.549135 0.651745 0.018190 0.154139
26 0.567325 0.662755 0.022020 0.185733
10 0.604663 0.649352 0.058400 0.181903
22 0.644394 0.620152 0.061273 0.165628
30 0.697529 0.592866 0.069889 0.145522
5 0.490734 0.634034 0.012446 0.122545
18 0.477809 0.631640 0.009574 0.123503
3 0.462491 0.642650 0.017233 0.151267
14 0.439514 0.640736 0.022977 0.162755
27 0.419409 0.632598 0.021062 0.165628
11 0.394038 0.626853 0.039253 0.184775
23 0.349520 0.612493 0.045954 0.194349
31 0.294470 0.584250 0.066060 0.166585