7 0.490595 0.519583 0.022629 0.181903
19 0.462744 0.520018 0.022629 0.177551
0 0.443596 0.511315 0.017407 0.191477
12 0.422708 0.506963 0.024370 0.177551
24 0.402690 0.503481 0.029592 0.182773
8 0.377449 0.502611 0.034814 0.165366
20 0.343071 0.483899 0.033944 0.166237
28 0.311738 0.466056 0.046129 0.147959
4 0.514529 0.519148 0.021759 0.186255
16 0.535853 0.510009 0.022629 0.178422
1 0.554130 0.506963 0.012185 0.181033
15 0.575889 0.502611 0.024370 0.174070
25 0.590685 0.493037 0.024370 0.167107
9 0.624194 0.489121 0.032203 0.173200
21 0.662924 0.485204 0.038295 0.163626
29 0.696868 0.472584 0.045258 0.171459
6 0.514965 0.701051 0.020888 0.121849
17 0.535853 0.711060 0.017407 0.138386
2 0.553695 0.708884 0.021759 0.160144
13 0.578065 0.704532 0.030462 0.179292
26 0.600259 0.695045 0.031333 0.195132
10 0.634638 0.682338 0.053091 0.178422
22 0.679026 0.668848 0.063536 0.168848
5 0.496252 0.701921 0.023499 0.125330
18 0.475364 0.705403 0.018277 0.127071
3 0.452735 0.705838 0.021759 0.164496
14 0.432717 0.702791 0.025240 0.177551
27 0.409217 0.701486 0.030462 0.178422
11 0.377014 0.689736 0.051351 0.191477
23 0.324358 0.669283 0.060924 0.199310
31 0.282146 0.638386 0.054832 0.160144