28 0.2296875 0.34921875 0.05703125 0.10859375
20 0.25078125 0.44296875 0.06875 0.1578125
8 0.3015625 0.47578125 0.06328125 0.19453125
24 0.3546875 0.4953125 0.04296875 0.175
12 0.38984375 0.4890625 0.04296875 0.215625
0 0.4265625 0.484375 0.0375 0.23984375
19 0.4625 0.48984375 0.03125 0.21640625
7 0.49375 0.49609375 0.03515625 0.228125
4 0.53125 0.50546875 0.03515625 0.21328125
16 0.56328125 0.4921875 0.03125 0.20859375
1 0.59921875 0.4953125 0.04140625 0.21875
15 0.63671875 0.4921875 0.0375 0.22421875
25 0.6703125 0.4875 0.04140625 0.20703125
9 0.71875 0.48125 0.06328125 0.175
21 0.77265625 0.4484375 0.06875 0.1703125
29 0.7953125 0.3609375 0.059375 0.1125
31 0.18671875 0.59375 0.05546875 0.1203125
23 0.2390625 0.64140625 0.07265625 0.1734375
11 0.2953125 0.68046875 0.09453125 0.190625
27 0.353125 0.7078125 0.05703125 0.18671875
14 0.3953125 0.71328125 0.0390625 0.18671875
3 0.43125 0.715625 0.03125 0.17890625
18 0.4609375 0.71953125 0.0234375 0.1671875
5 0.48515625 0.71640625 0.021875 0.1578125
6 0.50859375 0.71171875 0.02578125 0.1515625
17 0.53125 0.7078125 0.03125 0.14765625
2 0.56328125 0.70859375 0.03125 0.165625
13 0.59765625 0.7078125 0.04140625 0.16328125
26 0.6453125 0.709375 0.05546875 0.1828125
10 0.70390625 0.68203125 0.1046875 0.203125
22 0.76875 0.63359375 0.0921875 0.17734375
30 0.83203125 0.6046875 0.06875 0.12578125