31 0.13828125 0.6171875 0.06875 0.125
23 0.1921875 0.67578125 0.0796875 0.1828125
11 0.26484375 0.6984375 0.0875 0.196875
27 0.32421875 0.70078125 0.0625 0.1859375
14 0.36953125 0.70234375 0.05078125 0.1859375
3 0.41484375 0.715625 0.040625 0.215625
18 0.45390625 0.6953125 0.05078125 0.14375
5 0.49765625 0.6953125 0.04140625 0.15625
6 0.53359375 0.7046875 0.05078125 0.13125
17 0.57265625 0.6984375 0.04375 0.134375
2 0.6078125 0.7265625 0.04296875 0.221875
13 0.6578125 0.71484375 0.04921875 0.1953125
26 0.70390625 0.72265625 0.05625 0.1984375
10 0.77421875 0.7078125 0.090625 0.20390625
22 0.8328125 0.6703125 0.07421875 0.16875
30 0.896875 0.6203125 0.05859375 0.11875
28 0.20234375 0.36796875 0.07578125 0.10234375
20 0.22421875 0.45 0.08125 0.17265625
8 0.27578125 0.4921875 0.0625 0.21015625
24 0.328125 0.49765625 0.04921875 0.19296875
12 0.3734375 0.49296875 0.06171875 0.21171875
0 0.41640625 0.47109375 0.059375 0.24609375
19 0.4578125 0.49375 0.0484375 0.22890625
7 0.5015625 0.51171875 0.0421875 0.18671875
4 0.55 0.509375 0.04921875 0.209375
16 0.5953125 0.49453125 0.04921875 0.23359375
1 0.6421875 0.4859375 0.0578125 0.25625
15 0.6765625 0.49921875 0.0484375 0.22421875
25 0.7234375 0.50234375 0.04296875 0.2109375
9 0.7703125 0.4875 0.0640625 0.215625
21 0.81328125 0.4375 0.071875 0.175
29 0.84765625 0.36953125 0.0625 0.1015625