28 0.18828125 0.24296875 0.06640625 0.15625
20 0.23125 0.325 0.078125 0.24453125
8 0.28828125 0.36953125 0.07265625 0.209375
24 0.34375 0.3828125 0.04375 0.2203125
12 0.38359375 0.37890625 0.04375 0.253125
0 0.41953125 0.38671875 0.04140625 0.2859375
19 0.4546875 0.41796875 0.0375 0.22421875
7 0.5 0.4046875 0.0453125 0.30078125
4 0.5421875 0.434375 0.04375 0.240625
16 0.584375 0.4171875 0.0375 0.24375
1 0.621875 0.40859375 0.0375 0.2671875
15 0.66015625 0.4109375 0.04375 0.23515625
25 0.70625 0.403125 0.0328125 0.2203125
9 0.75390625 0.3890625 0.0703125 0.203125
21 0.82421875 0.34765625 0.06640625 0.215625
29 0.875 0.259375 0.06796875 0.20078125
30 0.88828125 0.54140625 0.0828125 0.13203125
22 0.8203125 0.5953125 0.09921875 0.2203125
10 0.75546875 0.63984375 0.10546875 0.23359375
13 0.63671875 0.68984375 0.05390625 0.246875
2 0.6015625 0.70390625 0.04921875 0.25546875
17 0.5578125 0.6578125 0.02890625 0.17421875
6 0.52890625 0.659375 0.02890625 0.16953125
5 0.50078125 0.66796875 0.02265625 0.1828125
18 0.4796875 0.67109375 0.04921875 0.19296875
3 0.4234375 0.71875 0.06640625 0.221875
14 0.39375 0.68828125 0.0765625 0.24921875
27 0.359375 0.66171875 0.07421875 0.23671875
11 0.29375 0.63828125 0.115625 0.24296875
23 0.234375 0.596875 0.0890625 0.2140625
31 0.16640625 0.5421875 0.08046875 0.1578125
26 0.68359375 0.65546875 0.06640625 0.19921875