28 0.22734375 0.3015625 0.06875 0.165625
20 0.259375 0.37578125 0.07421875 0.2
8 0.30546875 0.41640625 0.06875 0.18828125
24 0.3515625 0.4265625 0.04296875 0.18046875
12 0.384375 0.43046875 0.04296875 0.1921875
0 0.4203125 0.41875 0.0390625 0.25859375
19 0.459375 0.44375 0.03515625 0.215625
7 0.4875 0.45859375 0.0375 0.21015625
4 0.52734375 0.4578125 0.03515625 0.2171875
16 0.5640625 0.46640625 0.02734375 0.19453125
1 0.59765625 0.45546875 0.03515625 0.21171875
15 0.63203125 0.44609375 0.040625 0.20390625
25 0.6671875 0.43828125 0.0375 0.1921875
9 0.71171875 0.434375 0.0640625 0.1859375
21 0.75390625 0.4125 0.07421875 0.14140625
29 0.78515625 0.303125 0.0546875 0.153125
30 0.8375 0.58125 0.08203125 0.16328125
22 0.77421875 0.6265625 0.0796875 0.1828125
10 0.71484375 0.6625 0.08984375 0.2078125
26 0.65546875 0.6734375 0.0484375 0.190625
13 0.61875 0.68828125 0.03515625 0.1921875
2 0.590625 0.70390625 0.040625 0.215625
17 0.553125 0.68828125 0.02734375 0.18828125
6 0.51640625 0.684375 0.0328125 0.22734375
5 0.50390625 0.70390625 0.03125 0.215625
18 0.4703125 0.68828125 0.02734375 0.215625
3 0.4296875 0.68203125 0.05078125 0.215625
14 0.4 0.66484375 0.04296875 0.1890625
27 0.359375 0.65546875 0.0546875 0.190625
11 0.2984375 0.65078125 0.0859375 0.20390625
23 0.2375 0.61171875 0.084375 0.2
31 0.178125 0.5546875 0.078125 0.15234375