28 0.18359375 0.33125 0.05859375 0.0953125
20 0.2171875 0.41484375 0.06640625 0.2015625
8 0.27421875 0.428125 0.0640625 0.2421875
24 0.3296875 0.44140625 0.04296875 0.203125
12 0.36640625 0.43828125 0.0328125 0.19375
0 0.403125 0.42109375 0.053125 0.2171875
19 0.45 0.41875 0.040625 0.2203125
7 0.49296875 0.428125 0.0484375 0.23046875
4 0.5421875 0.4328125 0.0484375 0.2359375
16 0.5875 0.4328125 0.04296875 0.2171875
1 0.63125 0.44375 0.05859375 0.2265625
15 0.6671875 0.46484375 0.040625 0.1953125
25 0.6921875 0.459375 0.040625 0.2109375
9 0.74609375 0.459375 0.06640625 0.21875
21 0.81171875 0.453125 0.0609375 0.19921875
29 0.8359375 0.365625 0.07421875 0.1328125
31 0.1578125 0.61796875 0.0546875 0.13125
23 0.21796875 0.65 0.0765625 0.1953125
11 0.28046875 0.690625 0.0875 0.2328125
27 0.346875 0.690625 0.0453125 0.209375
14 0.38671875 0.69140625 0.04296875 0.2421875
3 0.4203125 0.71015625 0.046875 0.2984375
18 0.459375 0.68046875 0.0390625 0.2203125
5 0.4890625 0.68125 0.040625 0.21875
6 0.51953125 0.67734375 0.03125 0.20390625
17 0.5484375 0.690625 0.0359375 0.24375
2 0.58671875 0.696875 0.0375 0.2578125
13 0.6234375 0.7 0.046875 0.2328125
26 0.66015625 0.7015625 0.03515625 0.2109375
10 0.71796875 0.7109375 0.0765625 0.23046875
22 0.7875 0.68359375 0.07421875 0.203125
30 0.84375 0.66015625 0.0546875 0.12109375