28 0.2140625 0.25390625 0.06875 0.1171875
20 0.24609375 0.33046875 0.078125 0.2078125
8 0.28984375 0.4171875 0.071875 0.20625
24 0.3421875 0.42421875 0.046875 0.24296875
12 0.3875 0.440625 0.05625 0.22578125
0 0.4171875 0.38828125 0.053125 0.18671875
19 0.4453125 0.459375 0.0546875 0.2078125
7 0.47734375 0.4546875 0.0453125 0.25703125
4 0.5265625 0.4546875 0.0453125 0.2609375
16 0.56640625 0.44609375 0.03515625 0.246875
1 0.603125 0.42265625 0.0390625 0.27421875
15 0.646875 0.42265625 0.046875 0.259375
25 0.68125 0.4234375 0.0546875 0.2296875
9 0.73515625 0.40703125 0.06875 0.2234375
21 0.76875 0.33515625 0.084375 0.2046875
29 0.79609375 0.25234375 0.0765625 0.11015625
30 0.85078125 0.57265625 0.0640625 0.1296875
22 0.796875 0.61015625 0.08984375 0.1921875
10 0.72734375 0.67109375 0.0875 0.221875
26 0.671875 0.70078125 0.0546875 0.1984375
13 0.6234375 0.7 0.05078125 0.18828125
2 0.5921875 0.73359375 0.05078125 0.221875
17 0.5515625 0.69609375 0.0328125 0.18046875
6 0.525 0.678125 0.028125 0.1375
5 0.5 0.69609375 0.03125 0.17265625
18 0.46953125 0.69609375 0.0453125 0.18828125
14 0.37578125 0.6828125 0.0609375 0.21015625
11 0.29765625 0.6625 0.1109375 0.23125
31 0.15234375 0.571875 0.07421875 0.13203125
23 0.21484375 0.61640625 0.109375 0.190625
27 0.359375 0.6859375 0.09375 0.215625
3 0.42890625 0.69921875 0.053125 0.21484375