20 0.2875 0.37578125 0.05859375 0.1859375
23 0.23515625 0.56875 0.1078125 0.16484375
11 0.30078125 0.64140625 0.1171875 0.23125
27 0.378125 0.6546875 0.084375 0.21953125
14 0.453125 0.68203125 0.0625 0.215625
3 0.48359375 0.6765625 0.0453125 0.21953125
18 0.51171875 0.68046875 0.03125 0.19609375
5 0.534375 0.6828125 0.025 0.1828125
6 0.56328125 0.67734375 0.0328125 0.1828125
17 0.596875 0.7 0.0375 0.21171875
2 0.63359375 0.6828125 0.040625 0.19453125
13 0.67265625 0.6828125 0.0375 0.2296875
22 0.796875 0.61328125 0.09765625 0.14453125
8 0.35625 0.4015625 0.0953125 0.1828125
0 0.4328125 0.40390625 0.05625 0.24140625
19 0.47734375 0.39765625 0.040625 0.2765625
7 0.5140625 0.41875 0.046875 0.2703125
4 0.55546875 0.43046875 0.040625 0.2671875
16 0.58984375 0.43046875 0.03515625 0.246875
1 0.6296875 0.41640625 0.0484375 0.22734375
25 0.66328125 0.41875 0.0453125 0.2234375
9 0.70703125 0.4078125 0.05859375 0.21484375
21 0.765625 0.4328125 0.0546875 0.190625
29 0.8125 0.403125 0.05859375 0.16484375