31 0.13125 0.56484375 0.0953125 0.18125
23 0.19609375 0.61875 0.0953125 0.1984375
11 0.2671875 0.653125 0.096875 0.1953125
27 0.33203125 0.684375 0.06171875 0.2171875
14 0.38359375 0.696875 0.0578125 0.21953125
3 0.434375 0.7015625 0.0515625 0.22109375
18 0.47734375 0.696875 0.03359375 0.203125
5 0.50625 0.675 0.03203125 0.18359375
6 0.5328125 0.684375 0.02578125 0.18125
17 0.5875 0.68203125 0.03984375 0.1578125
2 0.63203125 0.69296875 0.06953125 0.1953125
13 0.6640625 0.69921875 0.05390625 0.203125
26 0.71328125 0.6984375 0.065625 0.221875
10 0.76796875 0.66640625 0.08359375 0.19375
22 0.83203125 0.63515625 0.08515625 0.19921875
30 0.89375 0.58046875 0.08515625 0.18125
28 0.1578125 0.35546875 0.0890625 0.1796875
20 0.20078125 0.39140625 0.07109375 0.20703125
8 0.26484375 0.40234375 0.0734375 0.2328125
24 0.31640625 0.41796875 0.04921875 0.225
12 0.36171875 0.409375 0.06171875 0.2671875
0 0.40703125 0.41796875 0.04765625 0.26484375
19 0.4515625 0.41484375 0.04140625 0.2828125
7 0.49140625 0.4078125 0.04140625 0.315625
4 0.54375 0.4390625 0.03984375 0.26328125
16 0.58828125 0.44375 0.0453125 0.24375
1 0.6265625 0.44453125 0.04375 0.253125
15 0.66953125 0.4453125 0.053125 0.259375
25 0.71171875 0.44296875 0.04921875 0.25703125
9 0.76171875 0.43828125 0.06328125 0.24296875
21 0.8140625 0.4125 0.08984375 0.2453125
29 0.86484375 0.378125 0.0796875 0.20546875