28 0.165625 0.26484375 0.06484375 0.13828125
20 0.19453125 0.35859375 0.0625 0.20078125
8 0.25625 0.39453125 0.06484375 0.184375
24 0.30546875 0.40703125 0.03828125 0.196875
12 0.346875 0.41484375 0.040625 0.184375
0 0.38671875 0.3984375 0.040625 0.2328125
19 0.43515625 0.3984375 0.04921875 0.225
7 0.4734375 0.40234375 0.040625 0.2125
4 0.5140625 0.39375 0.05234375 0.23515625
16 0.56328125 0.3953125 0.0421875 0.21796875
1 0.60546875 0.396875 0.0421875 0.20859375
15 0.646875 0.3953125 0.040625 0.190625
25 0.684375 0.384375 0.0421875 0.2046875
9 0.73671875 0.3875 0.0625 0.1828125
21 0.79765625 0.3546875 0.05859375 0.20078125
29 0.8296875 0.2625 0.0546875 0.14609375
30 0.846875 0.57421875 0.06484375 0.128125
22 0.78203125 0.58828125 0.08046875 0.18828125
10 0.71640625 0.6234375 0.0828125 0.20234375
26 0.66640625 0.65390625 0.0546875 0.17421875
13 0.62734375 0.6453125 0.04453125 0.1984375
2 0.58203125 0.6359375 0.0421875 0.21875
17 0.5390625 0.62109375 0.03828125 0.1828125
6 0.50078125 0.61640625 0.0421875 0.16796875
5 0.4734375 0.61640625 0.02734375 0.16796875
18 0.440625 0.61875 0.0421875 0.18046875
3 0.39921875 0.63828125 0.04453125 0.21640625
14 0.3515625 0.65234375 0.04609375 0.2046875
27 0.3375 0.6515625 0.07421875 0.19453125
11 0.2734375 0.6359375 0.090625 0.1984375
23 0.20234375 0.59453125 0.08671875 0.18828125
31 0.13203125 0.5734375 0.07421875 0.13828125