28 0.2046875 0.33828125 0.06640625 0.10234375
20 0.2390625 0.41171875 0.0609375 0.17109375
8 0.28828125 0.471875 0.06875 0.2140625
24 0.34453125 0.421875 0.05625 0.1484375
0 0.41328125 0.42734375 0.040625 0.2375
19 0.446875 0.4828125 0.04296875 0.22734375
7 0.48515625 0.4859375 0.040625 0.23359375
4 0.528125 0.49296875 0.0453125 0.21953125
16 0.57109375 0.48515625 0.0375 0.23125
1 0.60546875 0.46328125 0.0390625 0.21953125
15 0.64140625 0.48515625 0.0453125 0.2
25 0.6640625 0.3953125 0.0625 0.1296875
9 0.7359375 0.4421875 0.06640625 0.2390625
21 0.77734375 0.39375 0.0546875 0.1515625
29 0.809375 0.32734375 0.053125 0.096875
31 0.15 0.64296875 0.0703125 0.121875
23 0.2125 0.7171875 0.078125 0.16484375
11 0.2859375 0.71171875 0.103125 0.2171875
27 0.346875 0.74765625 0.05625 0.1671875
14 0.3953125 0.73359375 0.0484375 0.1828125
3 0.44453125 0.7078125 0.0484375 0.1609375
18 0.5015625 0.69375 0.0390625 0.13359375
5 0.5265625 0.70390625 0.02421875 0.153125
6 0.55546875 0.696875 0.0375 0.159375
17 0.5921875 0.74453125 0.0390625 0.25859375
2 0.628125 0.715625 0.040625 0.18046875
13 0.6828125 0.7515625 0.0453125 0.171875
10 0.73828125 0.6890625 0.0859375 0.1984375
22 0.8015625 0.678125 0.0640625 0.15703125
30 0.85234375 0.6109375 0.05625 0.12109375
12 0.38671875 0.4921875 0.05 0.196875