31 0.14375 0.60859375 0.11640625 0.13359375
23 0.234375 0.68125 0.10078125 0.24921875
11 0.30234375 0.7125 0.12734375 0.25
27 0.371875 0.73203125 0.09453125 0.23984375
3 0.43046875 0.74609375 0.03984375 0.25546875
18 0.47734375 0.72890625 0.04140625 0.21171875
5 0.5140625 0.7234375 0.0328125 0.20078125
6 0.5515625 0.71796875 0.0375 0.19375
17 0.58984375 0.74375 0.03984375 0.22890625
2 0.6421875 0.746875 0.04375 0.2359375
30 0.9375 0.61875 0.1203125 0.153125
22 0.85 0.6796875 0.103125 0.25
10 0.7796875 0.7078125 0.125 0.24921875
26 0.71015625 0.74609375 0.096875 0.25078125
29 0.88671875 0.4203125 0.0765625 0.14375
21 0.83203125 0.43125 0.059375 0.17890625
9 0.76328125 0.43046875 0.07890625 0.1984375
25 0.70859375 0.4234375 0.03984375 0.225
1 0.66484375 0.40859375 0.05234375 0.3125
16 0.621875 0.4625 0.04609375 0.24921875
4 0.5796875 0.44453125 0.05078125 0.296875
7 0.52265625 0.446875 0.04609375 0.29296875
19 0.48359375 0.453125 0.05078125 0.2609375
0 0.440625 0.440625 0.05703125 0.253125
28 0.20390625 0.41171875 0.07421875 0.20078125
20 0.2609375 0.41171875 0.06171875 0.2359375
8 0.33125 0.421875 0.07890625 0.234375
24 0.3890625 0.43125 0.04609375 0.23046875