28 0.22734375 0.34375 0.059375 0.11796875
20 0.24921875 0.42578125 0.05546875 0.19453125
8 0.30859375 0.428125 0.059375 0.21640625
24 0.3546875 0.42734375 0.04921875 0.2265625
19 0.46171875 0.42421875 0.03828125 0.19296875
0 0.421875 0.41171875 0.0375 0.2265625
12 0.3890625 0.41953125 0.0359375 0.2421875
7 0.496875 0.421875 0.04765625 0.28515625
4 0.53515625 0.42265625 0.03828125 0.26796875
16 0.5703125 0.40859375 0.03671875 0.22578125
1 0.60078125 0.42734375 0.03046875 0.234375
15 0.63203125 0.42734375 0.04375 0.2140625
25 0.67421875 0.4234375 0.05546875 0.21015625
9 0.71640625 0.43359375 0.0609375 0.1984375
21 0.7734375 0.409375 0.053125 0.2140625
29 0.8046875 0.3515625 0.0515625 0.10546875
31 0.18984375 0.63671875 0.0671875 0.1234375
23 0.25234375 0.6390625 0.06953125 0.18671875
11 0.31015625 0.67734375 0.075 0.21640625
27 0.36640625 0.67578125 0.0453125 0.2046875
14 0.40625 0.68515625 0.0375 0.22421875
3 0.4359375 0.68203125 0.0296875 0.21875
18 0.4640625 0.65859375 0.02734375 0.1828125
5 0.49296875 0.66328125 0.021875 0.196875
6 0.51484375 0.659375 0.021875 0.18046875
17 0.53984375 0.64765625 0.03125 0.16484375
2 0.5703125 0.66953125 0.0296875 0.196875
13 0.6015625 0.678125 0.0375 0.2140625
26 0.6390625 0.6671875 0.04140625 0.2046875
10 0.69453125 0.66328125 0.06953125 0.2046875
22 0.75625 0.64375 0.08125 0.196875
30 0.82109375 0.63125 0.0609375 0.11953125