31 0.184375 0.50625 0.053125 0.121875
23 0.2390625 0.5609375 0.0765625 0.20390625
11 0.2953125 0.61171875 0.09765625 0.21953125
27 0.35078125 0.64765625 0.0484375 0.21015625
14 0.3828125 0.67109375 0.0390625 0.221875
3 0.4078125 0.69453125 0.0546875 0.21796875
18 0.453125 0.6890625 0.01953125 0.2140625
5 0.4828125 0.68828125 0.015625 0.18828125
6 0.50859375 0.6890625 0.021875 0.1984375
17 0.53984375 0.69453125 0.021875 0.1984375
2 0.57734375 0.696875 0.03984375 0.20234375
13 0.61328125 0.67890625 0.046875 0.21796875
26 0.653125 0.66484375 0.05625 0.21953125
10 0.70703125 0.62421875 0.1015625 0.22578125
22 0.771875 0.575 0.0859375 0.2078125
30 0.821875 0.50625 0.0546875 0.11796875
28 0.2609375 0.22890625 0.0609375 0.11015625
20 0.26875 0.3578125 0.0765625 0.16484375
8 0.30546875 0.378125 0.06875 0.20625
24 0.359375 0.3765625 0.0546875 0.22265625
12 0.38203125 0.3859375 0.040625 0.2375
0 0.415625 0.4078125 0.03125 0.2453125
29 0.75625 0.23203125 0.0546875 0.1125
21 0.7421875 0.34609375 0.08203125 0.1765625
9 0.7046875 0.41484375 0.078125 0.15703125
25 0.659375 0.40859375 0.0484375 0.184375
15 0.63359375 0.4046875 0.040625 0.22734375
1 0.596875 0.40390625 0.0328125 0.27265625
16 0.56328125 0.4328125 0.040625 0.22578125
4 0.52421875 0.43828125 0.0375 0.2125
7 0.484375 0.43671875 0.0390625 0.2140625
19 0.45 0.42890625 0.0375 0.21015625