28 0.19375 0.39921875 0.03828125 0.1109375
20 0.2375 0.35 0.05703125 0.21640625
19 0.41875 0.3359375 0.03671875 0.21640625
7 0.459375 0.34296875 0.04453125 0.1984375
4 0.50390625 0.325 0.04453125 0.21015625
1 0.5984375 0.28515625 0.05859375 0.24921875
30 0.784375 0.49609375 0.10546875 0.14296875
13 0.61484375 0.56875 0.046875 0.2265625
2 0.57890625 0.5421875 0.04453125 0.178125
17 0.54140625 0.54140625 0.03046875 0.18828125
6 0.515625 0.5296875 0.0265625 0.1453125
5 0.490625 0.55234375 0.034375 0.16953125
18 0.46328125 0.55703125 0.03671875 0.171875
3 0.42578125 0.5703125 0.03828125 0.17265625
14 0.38515625 0.59921875 0.03828125 0.21953125
27 0.34453125 0.58828125 0.03828125 0.18828125