28 0.2078125 0.25546875 0.071875 0.14765625
20 0.22734375 0.3375 0.0765625 0.190625
8 0.2796875 0.35625 0.06640625 0.22734375
24 0.33515625 0.375 0.0453125 0.19921875
12 0.3671875 0.38203125 0.04296875 0.2203125
0 0.409375 0.3890625 0.0453125 0.246875
19 0.44921875 0.40625 0.0390625 0.203125
7 0.484375 0.40546875 0.04296875 0.24140625
4 0.525 0.4078125 0.03515625 0.2453125
16 0.56953125 0.40234375 0.0375 0.2421875
1 0.60859375 0.4078125 0.040625 0.24921875
15 0.64921875 0.41484375 0.040625 0.2046875
25 0.6859375 0.3953125 0.04296875 0.21171875
9 0.734375 0.37265625 0.05859375 0.221875
21 0.78828125 0.36015625 0.05625 0.18828125
29 0.8078125 0.2828125 0.06875 0.13203125
30 0.8484375 0.54609375 0.0875 0.11640625
22 0.7765625 0.6 0.06875 0.2078125
10 0.71484375 0.6265625 0.078125 0.21015625
26 0.6640625 0.63984375 0.0546875 0.190625
13 0.6234375 0.6453125 0.04296875 0.18828125
2 0.5953125 0.6671875 0.046875 0.21015625
17 0.55859375 0.6390625 0.03125 0.1765625
6 0.528125 0.63125 0.0296875 0.19609375
5 0.50234375 0.634375 0.03046875 0.175
18 0.4796875 0.63359375 0.0375 0.17265625
3 0.43359375 0.659375 0.05859375 0.221875
14 0.4046875 0.64296875 0.05078125 0.23125
27 0.36328125 0.62734375 0.046875 0.21171875
23 0.2390625 0.5765625 0.1109375 0.18828125
31 0.178125 0.525 0.08984375 0.14765625