28 0.171875 0.2390625 0.0546875 0.18046875
20 0.2203125 0.28828125 0.06640625 0.17890625
24 0.3125 0.315625 0.0390625 0.225
12 0.35234375 0.31796875 0.0453125 0.2296875
0 0.3953125 0.31015625 0.040625 0.253125
19 0.4375 0.3296875 0.03515625 0.21015625
7 0.484375 0.33828125 0.04296875 0.2234375
4 0.54296875 0.34453125 0.04296875 0.23515625
16 0.5828125 0.33828125 0.0375 0.2234375
1 0.6234375 0.32890625 0.04296875 0.259375
15 0.6703125 0.33671875 0.046875 0.23515625
25 0.721875 0.33359375 0.0453125 0.21015625
21 0.80546875 0.2984375 0.0609375 0.20234375
29 0.85625 0.2796875 0.0609375 0.16484375
30 0.84453125 0.47109375 0.0796875 0.17265625
22 0.790625 0.5203125 0.0859375 0.18828125
10 0.7203125 0.53828125 0.078125 0.19453125
26 0.6609375 0.5609375 0.0453125 0.17265625
13 0.61796875 0.58671875 0.0453125 0.20390625
2 0.5734375 0.553125 0.040625 0.17265625
17 0.5375 0.55 0.03125 0.16328125
6 0.50859375 0.540625 0.025 0.13984375
5 0.4796875 0.5421875 0.0296875 0.13984375
18 0.4484375 0.55390625 0.03046875 0.159375
3 0.41484375 0.57734375 0.040625 0.221875
14 0.37578125 0.56015625 0.040625 0.18671875
23 0.23046875 0.503125 0.08984375 0.1828125
31 0.18046875 0.4390625 0.0796875 0.159375