28 0.18359375 0.24296875 0.07265625 0.12421875
20 0.21796875 0.32421875 0.0828125 0.22109375
8 0.26484375 0.41640625 0.0765625 0.21875
24 0.31953125 0.4234375 0.05 0.25859375
12 0.36796875 0.44140625 0.06015625 0.23984375
0 0.39921875 0.38515625 0.05625 0.1984375
19 0.4296875 0.4609375 0.0578125 0.22109375
7 0.4640625 0.45625 0.04765625 0.27265625
4 0.515625 0.45625 0.04765625 0.27734375
16 0.5578125 0.446875 0.0375 0.2625
1 0.59765625 0.421875 0.04140625 0.29140625
15 0.64296875 0.421875 0.05 0.27578125
25 0.68046875 0.42265625 0.0578125 0.24375
9 0.7375 0.40546875 0.07265625 0.2375
21 0.77265625 0.32890625 0.0890625 0.21796875
29 0.8015625 0.24140625 0.08125 0.1171875
30 0.86015625 0.58125 0.06875 0.13828125
22 0.803125 0.62109375 0.0953125 0.2046875
10 0.72890625 0.6859375 0.09375 0.23515625
26 0.6703125 0.7171875 0.0578125 0.2109375
13 0.61796875 0.71640625 0.05390625 0.2
2 0.58515625 0.75234375 0.05390625 0.23515625
17 0.5421875 0.7125 0.03515625 0.1921875
6 0.5140625 0.69375 0.03046875 0.14609375
5 0.4875 0.7125 0.0328125 0.18359375
18 0.45546875 0.7125 0.04765625 0.2
14 0.35546875 0.6984375 0.0640625 0.22265625
11 0.27265625 0.6765625 0.11796875 0.24609375
31 0.11796875 0.58046875 0.07890625 0.13984375
23 0.184375 0.628125 0.11640625 0.20234375
27 0.33828125 0.7015625 0.09921875 0.22890625
3 0.41171875 0.715625 0.05625 0.228125