28 0.2265625 0.2796875 0.05859375 0.10546875
20 0.246875 0.3625 0.0609375 0.196875
8 0.303125 0.38671875 0.0546875 0.1875
24 0.3453125 0.3953125 0.0390625 0.19375
12 0.378125 0.40078125 0.040625 0.18671875
0 0.41875 0.3984375 0.040625 0.19921875
19 0.4625 0.40625 0.0390625 0.19140625
7 0.49609375 0.39921875 0.03515625 0.2125
4 0.5421875 0.41328125 0.03359375 0.2078125
16 0.578125 0.40234375 0.02734375 0.2265625
1 0.6140625 0.3875 0.0375 0.259375
15 0.64765625 0.3921875 0.0328125 0.22265625
25 0.6796875 0.38671875 0.02734375 0.2109375
9 0.7171875 0.37421875 0.05078125 0.228125
21 0.7640625 0.3703125 0.0546875 0.196875
29 0.78828125 0.2828125 0.0484375 0.1171875
31 0.17890625 0.55078125 0.071875 0.1328125
23 0.2484375 0.56171875 0.09375 0.19375
11 0.31328125 0.60625 0.0796875 0.2125
27 0.3703125 0.6078125 0.0484375 0.19921875
14 0.40625 0.6140625 0.05078125 0.1859375
3 0.4390625 0.63359375 0.046875 0.209375
18 0.47734375 0.63984375 0.021875 0.1703125
5 0.50703125 0.64140625 0.025 0.16328125
6 0.53203125 0.6484375 0.0265625 0.171875
17 0.559375 0.64140625 0.0375 0.209375
2 0.5953125 0.63984375 0.04296875 0.228125
13 0.628125 0.62109375 0.0296875 0.19921875
26 0.66484375 0.61015625 0.040625 0.196875
10 0.7046875 0.609375 0.06640625 0.2109375
22 0.76640625 0.57109375 0.071875 0.196875
30 0.8203125 0.5546875 0.05078125 0.11328125