28 0.228125 0.31015625 0.0578125 0.14453125
20 0.26484375 0.3703125 0.0546875 0.22265625
8 0.325 0.38671875 0.07578125 0.22109375
24 0.37421875 0.415625 0.04609375 0.2234375
12 0.4078125 0.40703125 0.05 0.24453125
0 0.440625 0.39453125 0.0421875 0.3140625
19 0.47265625 0.42265625 0.0390625 0.27578125
7 0.5109375 0.425 0.04609375 0.2765625
4 0.55703125 0.4140625 0.053125 0.3015625
16 0.5921875 0.4125 0.046875 0.27734375
1 0.63046875 0.40078125 0.04609375 0.30078125
15 0.6703125 0.4 0.0578125 0.2515625
25 0.71875 0.38984375 0.06015625 0.22734375
21 0.78671875 0.34921875 0.08125 0.23671875
29 0.853125 0.3140625 0.04765625 0.14375
31 0.2078125 0.55390625 0.0640625 0.1078125
23 0.25625 0.57109375 0.10625 0.23125
30 0.88515625 0.55390625 0.06484375 0.0984375
22 0.8234375 0.5703125 0.10703125 0.2125
27 0.39296875 0.64453125 0.06640625 0.24921875
14 0.43515625 0.66015625 0.04921875 0.23046875
3 0.46640625 0.68046875 0.0421875 0.23125
18 0.496875 0.68515625 0.03984375 0.21171875
5 0.53046875 0.69453125 0.03359375 0.23046875
6 0.55625 0.69375 0.03046875 0.21171875
17 0.58203125 0.69921875 0.0359375 0.23125
2 0.628125 0.69140625 0.04609375 0.2328125
13 0.6640625 0.66328125 0.06328125 0.22734375
26 0.70703125 0.653125 0.08046875 0.2453125