28 0.1578125 0.36171875 0.07265625 0.1125
20 0.1953125 0.44140625 0.06640625 0.18671875
8 0.24921875 0.5078125 0.075 0.23359375
24 0.3109375 0.453125 0.06171875 0.1625
0 0.3859375 0.45859375 0.04453125 0.259375
19 0.4234375 0.51953125 0.046875 0.24921875
7 0.46484375 0.52265625 0.04453125 0.25546875
4 0.51171875 0.53046875 0.04921875 0.240625
16 0.55859375 0.521875 0.040625 0.253125
1 0.59609375 0.4984375 0.04296875 0.240625
15 0.6359375 0.521875 0.04921875 0.21875
25 0.66015625 0.4234375 0.06875 0.1421875
9 0.7390625 0.475 0.07265625 0.26171875
21 0.784375 0.42265625 0.06015625 0.165625
29 0.81953125 0.35 0.0578125 0.10546875
31 0.0984375 0.6953125 0.0765625 0.13359375
23 0.16640625 0.7765625 0.08515625 0.18046875
11 0.246875 0.7703125 0.11328125 0.2375
27 0.31328125 0.809375 0.06171875 0.1828125
14 0.36640625 0.79453125 0.053125 0.2
3 0.41953125 0.765625 0.053125 0.1765625
18 0.4828125 0.75078125 0.04296875 0.14609375
5 0.51015625 0.7609375 0.0265625 0.16796875
6 0.54140625 0.75390625 0.040625 0.17421875
17 0.58125 0.80625 0.04296875 0.2828125
2 0.62109375 0.77421875 0.04453125 0.19765625
13 0.68046875 0.8140625 0.04921875 0.18828125
10 0.74140625 0.7453125 0.09375 0.2171875
22 0.8109375 0.73359375 0.0703125 0.171875
30 0.86640625 0.66015625 0.06171875 0.1328125
12 0.35625 0.5296875 0.0546875 0.215625