28 0.1796875 0.40625 0.0390625 0.11171875
20 0.2234375 0.35703125 0.05703125 0.21796875
19 0.40546875 0.34296875 0.03671875 0.21796875
7 0.446875 0.35 0.0453125 0.2
4 0.4921875 0.33125 0.0453125 0.21171875
1 0.58671875 0.29140625 0.059375 0.25078125
30 0.77421875 0.5046875 0.10625 0.14453125
13 0.603125 0.57734375 0.046875 0.228125
2 0.56796875 0.55078125 0.0453125 0.1796875
17 0.5296875 0.55 0.03046875 0.18984375
6 0.503125 0.53828125 0.0265625 0.146875
5 0.478125 0.5609375 0.03515625 0.17109375
18 0.45078125 0.56640625 0.03671875 0.1734375
3 0.41328125 0.57890625 0.0390625 0.17421875
14 0.371875 0.60859375 0.0390625 0.22109375
27 0.33125 0.596875 0.0390625 0.18984375