28 0.2734375 0.44375 0.0546875 0.16875
20 0.3234375 0.475 0.05625 0.16484375
8 0.371875 0.47890625 0.040625 0.16484375
24 0.4125 0.4890625 0.05078125 0.184375
12 0.4484375 0.5328125 0.0375 0.1359375
0 0.47890625 0.55 0.0265625 0.08515625
19 0.44453125 0.42265625 0.0953125 0.1765625
7 0.5109375 0.49765625 0.0375 0.2140625
4 0.55 0.5015625 0.0375 0.21796875
16 0.59765625 0.41875 0.0546875 0.19609375
1 0.58203125 0.55703125 0.0234375 0.07890625
15 0.609375 0.5265625 0.03125 0.14375
25 0.6390625 0.4984375 0.046875 0.17265625
9 0.6734375 0.490625 0.0390625 0.14140625
21 0.71484375 0.46640625 0.046875 0.17109375
29 0.759375 0.46328125 0.046875 0.11796875
30 0.81171875 0.61171875 0.053125 0.10234375
22 0.7640625 0.63515625 0.078125 0.1765625
10 0.70703125 0.68203125 0.07421875 0.18828125
26 0.66015625 0.7 0.04296875 0.184375
13 0.62421875 0.7140625 0.0375 0.1828125
2 0.58984375 0.7671875 0.05078125 0.23359375
17 0.5609375 0.721875 0.03125 0.17890625
6 0.54609375 0.7328125 0.0484375 0.21171875
5 0.50859375 0.7171875 0.025 0.184375
18 0.49296875 0.72421875 0.0484375 0.1984375
3 0.45703125 0.74375 0.046875 0.2140625
14 0.4109375 0.7140625 0.040625 0.19453125
27 0.36796875 0.6984375 0.053125 0.19453125
23 0.2578125 0.64296875 0.07421875 0.18828125
31 0.203125 0.6125 0.0546875 0.10859375
11 0.3125 0.684375 0.0859375 0.2