28 0.18984375 0.38203125 0.05859375 0.17734375
20 0.2375 0.39453125 0.0625 0.20234375
8 0.29765625 0.403125 0.0625 0.21484375
24 0.34921875 0.42109375 0.03984375 0.2
12 0.390625 0.42109375 0.04375 0.21640625
0 0.43046875 0.41328125 0.03984375 0.24765625
19 0.46484375 0.41171875 0.02890625 0.22265625
7 0.49609375 0.41796875 0.0375 0.21484375
4 0.53828125 0.43046875 0.03984375 0.20625
16 0.57421875 0.43984375 0.02734375 0.2
1 0.60625 0.42734375 0.03359375 0.25
15 0.63984375 0.425 0.04140625 0.225
25 0.67421875 0.44140625 0.03125 0.2
9 0.72421875 0.41953125 0.06015625 0.21875
21 0.78125 0.4125 0.05390625 0.20390625
29 0.821875 0.39296875 0.05625 0.16875
31 0.15703125 0.59140625 0.08984375 0.14140625
23 0.23125 0.60390625 0.09140625 0.19609375
11 0.29375 0.63671875 0.09140625 0.21484375
27 0.353125 0.65 0.04765625 0.20859375
14 0.39453125 0.65703125 0.03515625 0.20625
3 0.42890625 0.66015625 0.02890625 0.22109375
18 0.46015625 0.653125 0.025 0.20234375
5 0.48671875 0.64296875 0.02265625 0.18046875
6 0.51171875 0.640625 0.02265625 0.18125
17 0.53828125 0.64453125 0.02734375 0.18984375
2 0.56875 0.67265625 0.02890625 0.23359375
13 0.603125 0.665625 0.03984375 0.21015625
26 0.64609375 0.66015625 0.04609375 0.18359375
10 0.7078125 0.653125 0.09453125 0.21015625
22 0.775 0.62734375 0.09140625 0.2
30 0.82890625 0.59296875 0.06640625 0.16875