28 0.2734375 0.278125 0.0734375 0.1296875
10 0.29609375 0.38515625 0.090625 0.196875
24 0.3546875 0.3546875 0.053125 0.12421875
0 0.4390625 0.30703125 0.059375 0.17890625
19 0.46484375 0.459375 0.0484375 0.23046875
7 0.5 0.45703125 0.04375 0.25390625
4 0.54765625 0.4671875 0.04765625 0.234375
16 0.58828125 0.4671875 0.0375 0.2140625
1 0.61484375 0.32890625 0.0515625 0.17890625
25 0.6859375 0.3625 0.05546875 0.12734375
21 0.753125 0.4046875 0.07109375 0.1765625
29 0.76953125 0.29296875 0.06953125 0.12734375
31 0.23125 0.60234375 0.07109375 0.12578125
23 0.2953125 0.6296875 0.1046875 0.21640625
5 0.51484375 0.69921875 0.0296875 0.18046875
18 0.4828125 0.69609375 0.02890625 0.1671875
3 0.45390625 0.81875 0.053125 0.15546875
14 0.41015625 0.73828125 0.04921875 0.1375
6 0.5484375 0.69140625 0.02578125 0.1609375
17 0.57890625 0.70625 0.02734375 0.175
2 0.60859375 0.834375 0.0515625 0.15546875
13 0.6453125 0.76171875 0.04921875 0.12734375
22 0.75 0.6359375 0.09296875 0.20859375
30 0.8125 0.60703125 0.0671875 0.12734375
12 0.4015625 0.37734375 0.05546875 0.14140625
8 0.3390625 0.46328125 0.0546875 0.11171875
15 0.65390625 0.434375 0.0515625 0.12578125
9 0.70234375 0.47734375 0.05078125 0.10859375
10 0.6828125 0.6421875 0.07734375 0.14140625
11 0.36875 0.64453125 0.09296875 0.1515625