23 0.21328125 0.58984375 0.1 0.1796875
11 0.271875 0.63203125 0.0828125 0.17265625
27 0.32421875 0.6546875 0.07421875 0.1359375
14 0.42265625 0.696875 0.0453125 0.18046875
3 0.46328125 0.69375 0.03515625 0.18828125
18 0.49453125 0.6984375 0.028125 0.18828125
5 0.5203125 0.70078125 0.01953125 0.16640625
6 0.54140625 0.70703125 0.02578125 0.16640625
17 0.5703125 0.69765625 0.028125 0.15546875
2 0.60234375 0.696875 0.03515625 0.17578125
13 0.6421875 0.68515625 0.04140625 0.153125
26 0.74453125 0.7078125 0.07578125 0.2078125
10 0.78828125 0.66015625 0.09375 0.19453125
22 0.8421875 0.60390625 0.09375 0.17734375
28 0.22421875 0.396875 0.06953125 0.18515625
20 0.27578125 0.42734375 0.06953125 0.1859375
8 0.325 0.4734375 0.05859375 0.18125
24 0.37421875 0.48046875 0.0390625 0.2
12 0.41171875 0.48515625 0.0453125 0.20078125
0 0.43984375 0.46484375 0.0328125 0.23359375
19 0.478125 0.48984375 0.04375 0.18359375
7 0.5171875 0.48046875 0.02578125 0.221875
4 0.553125 0.45 0.03671875 0.221875
16 0.58984375 0.48515625 0.0328125 0.20078125
1 0.62734375 0.48671875 0.03671875 0.19921875
15 0.65859375 0.4859375 0.03046875 0.2109375
25 0.6953125 0.50078125 0.04765625 0.1921875
9 0.74140625 0.47734375 0.05234375 0.19453125
21 0.796875 0.44296875 0.0546875 0.18984375
29 0.84453125 0.42265625 0.0546875 0.1578125