20 0.26953125 0.4171875 0.05078125 0.18671875
8 0.321875 0.409375 0.0546875 0.190625
24 0.365625 0.409375 0.03515625 0.190625
12 0.39921875 0.4 0.0375 0.2140625
0 0.4328125 0.40703125 0.0375 0.2328125
19 0.46953125 0.415625 0.0328125 0.20703125
7 0.49609375 0.4171875 0.04296875 0.21015625
4 0.53828125 0.4125 0.0453125 0.24296875
16 0.5734375 0.43125 0.0296875 0.20234375
1 0.6078125 0.42265625 0.04296875 0.23125
15 0.6421875 0.42109375 0.03515625 0.2046875
25 0.6734375 0.42734375 0.0390625 0.20234375
9 0.7203125 0.43046875 0.0546875 0.1765625
21 0.77421875 0.42265625 0.0484375 0.17265625
22 0.771875 0.61875 0.0859375 0.175
27 0.34765625 0.66328125 0.04296875 0.2296875
14 0.38984375 0.6625 0.0453125 0.21171875
3 0.4234375 0.6578125 0.0390625 0.203125
18 0.46015625 0.6453125 0.0296875 0.1921875
5 0.4828125 0.64609375 0.0234375 0.17890625
6 0.509375 0.6296875 0.02734375 0.1453125
17 0.5421875 0.653125 0.0375 0.1921875
2 0.57734375 0.675 0.0375 0.23359375
13 0.61640625 0.6859375 0.040625 0.22734375