20 0.2328125 0.29453125 0.0546875 0.1828125
8 0.28671875 0.3171875 0.0671875 0.2
24 0.346875 0.3234375 0.053125 0.21796875
12 0.39453125 0.32734375 0.06640625 0.24921875
0 0.4328125 0.353125 0.05390625 0.23359375
19 0.475 0.36640625 0.05078125 0.2140625
7 0.50703125 0.36640625 0.0484375 0.26484375
4 0.559375 0.38359375 0.0453125 0.2515625
16 0.5984375 0.39375 0.0328125 0.2203125
1 0.6328125 0.3828125 0.0390625 0.25390625
15 0.67109375 0.37421875 0.0453125 0.2453125
25 0.70703125 0.378125 0.0390625 0.22578125
21 0.7921875 0.3328125 0.0484375 0.18046875
23 0.21796875 0.49296875 0.1 0.16484375
11 0.27265625 0.56171875 0.103125 0.1984375
27 0.3515625 0.5984375 0.04296875 0.22734375
14 0.390625 0.61015625 0.04296875 0.23125
3 0.42578125 0.628125 0.04296875 0.25703125
18 0.4625 0.6203125 0.02734375 0.22578125
5 0.484375 0.62265625 0.03125 0.21015625
6 0.5125 0.62578125 0.028125 0.21171875
17 0.5375 0.62578125 0.0390625 0.2078125
2 0.5703125 0.628125 0.04296875 0.21796875
13 0.6140625 0.6390625 0.0453125 0.23515625
26 0.65546875 0.63828125 0.040625 0.2375
10 0.740625 0.60390625 0.125 0.1921875
22 0.790625 0.54375 0.109375 0.1765625