31 0.221875 0.590625 0.1109375 0.15
10 0.696875 0.684375 0.0859375 0.184375
26 0.63984375 0.69453125 0.040625 0.17890625
13 0.5984375 0.6859375 0.040625 0.1765625
2 0.56640625 0.696875 0.0390625 0.16328125
17 0.5328125 0.6921875 0.02734375 0.146875
6 0.50625 0.6859375 0.02734375 0.13359375
5 0.48125 0.6921875 0.0296875 0.1453125
18 0.46015625 0.6890625 0.0296875 0.14765625
3 0.421875 0.71328125 0.046875 0.2
14 0.3921875 0.684375 0.0546875 0.184375
27 0.359375 0.68125 0.046875 0.1984375
20 0.259375 0.42734375 0.05078125 0.1828125
8 0.30625 0.4421875 0.05078125 0.19609375
24 0.35 0.43828125 0.03515625 0.20390625
0 0.4109375 0.44453125 0.040625 0.2375
19 0.44375 0.47890625 0.04296875 0.18828125
7 0.4734375 0.4734375 0.040625 0.2390625
4 0.5140625 0.4796875 0.0390625 0.2328125
16 0.55 0.48671875 0.0328125 0.19609375
1 0.584375 0.46953125 0.03515625 0.21953125
9 0.67578125 0.45859375 0.05859375 0.1984375
21 0.73359375 0.45078125 0.053125 0.20234375