31 0.16875 0.49453125 0.05546875 0.12890625
23 0.2265625 0.55234375 0.08046875 0.215625
11 0.28515625 0.60625 0.103125 0.2328125
27 0.34375 0.64375 0.0515625 0.221875
14 0.378125 0.66875 0.04140625 0.234375
3 0.4046875 0.69375 0.0578125 0.23046875
18 0.45234375 0.6875 0.0203125 0.2265625
5 0.48359375 0.68671875 0.01640625 0.19921875
6 0.51171875 0.6875 0.02265625 0.209375
17 0.54453125 0.69375 0.02265625 0.209375
2 0.584375 0.69609375 0.0421875 0.2140625
13 0.621875 0.67734375 0.04921875 0.23046875
26 0.6640625 0.66171875 0.06015625 0.2328125
10 0.72109375 0.61953125 0.1078125 0.23828125
22 0.7890625 0.56640625 0.090625 0.2203125
30 0.84296875 0.49453125 0.0578125 0.125
28 0.24921875 0.20078125 0.0640625 0.11640625
20 0.25703125 0.3375 0.08046875 0.17421875
8 0.296875 0.359375 0.07265625 0.21796875
24 0.353125 0.3578125 0.0578125 0.23515625
12 0.37734375 0.3671875 0.04375 0.25078125
0 0.41328125 0.38984375 0.0328125 0.259375
29 0.77265625 0.20390625 0.0578125 0.11875
21 0.75859375 0.325 0.08671875 0.18671875
9 0.71875 0.396875 0.0828125 0.16640625
25 0.6703125 0.390625 0.0515625 0.1953125
15 0.64375 0.38671875 0.04375 0.240625
1 0.6046875 0.3859375 0.03515625 0.28828125
16 0.56953125 0.4171875 0.04375 0.23828125
4 0.528125 0.42265625 0.0390625 0.225
7 0.48515625 0.42109375 0.04140625 0.2265625
19 0.44921875 0.4125 0.0390625 0.221875