23 0.26640625 0.56640625 0.09921875 0.19140625
27 0.36640625 0.596875 0.0390625 0.1890625
14 0.40390625 0.59765625 0.0390625 0.19921875
3 0.43828125 0.60390625 0.0328125 0.1953125
18 0.48125 0.60625 0.025 0.16640625
5 0.50625 0.603125 0.02890625 0.14765625
6 0.53046875 0.6078125 0.01953125 0.1625
17 0.55546875 0.59453125 0.02890625 0.14765625
2 0.59375 0.61328125 0.0390625 0.2015625
13 0.653125 0.60546875 0.0375 0.19453125
26 0.69140625 0.61328125 0.03125 0.20625
10 0.75390625 0.5859375 0.090625 0.19296875
20 0.2796875 0.3546875 0.05546875 0.19296875
8 0.33671875 0.38359375 0.06171875 0.18515625
24 0.37578125 0.3796875 0.0328125 0.1890625
12 0.409375 0.3703125 0.0375 0.203125
0 0.4421875 0.36953125 0.0375 0.2265625
19 0.475 0.4015625 0.02890625 0.18671875
7 0.50859375 0.4125 0.0375 0.19296875
4 0.54765625 0.40625 0.0328125 0.2015625
16 0.58046875 0.4015625 0.025 0.19140625
1 0.61171875 0.36953125 0.0328125 0.25546875
15 0.64375 0.3921875 0.0390625 0.209375
25 0.6734375 0.38671875 0.0328125 0.1828125
9 0.7171875 0.38828125 0.05390625 0.1890625
21 0.77265625 0.36484375 0.05390625 0.19765625