28 0.23046875 0.34296875 0.0703125 0.13203125
20 0.24140625 0.43984375 0.053125 0.14140625
8 0.29609375 0.42265625 0.05625 0.19609375
24 0.34453125 0.43359375 0.0484375 0.18359375
12 0.37421875 0.43671875 0.04609375 0.2015625
0 0.4078125 0.440625 0.04296875 0.2171875
19 0.44609375 0.4421875 0.03203125 0.209375
7 0.4796875 0.4390625 0.0375 0.215625
4 0.51875 0.4421875 0.0375 0.228125
16 0.553125 0.44765625 0.03125 0.20234375
1 0.5890625 0.440625 0.040625 0.228125
15 0.628125 0.434375 0.040625 0.2203125
25 0.6625 0.446875 0.0390625 0.16875
9 0.7015625 0.4328125 0.0625 0.2015625
21 0.76484375 0.41875 0.05625 0.2015625
29 0.78984375 0.35859375 0.0484375 0.11015625
31 0.1828125 0.59375 0.0609375 0.11328125
23 0.2390625 0.6328125 0.084375 0.203125
11 0.296875 0.6671875 0.08203125 0.2203125
27 0.353125 0.675 0.046875 0.2203125
14 0.39140625 0.68125 0.0375 0.21953125
3 0.42265625 0.6828125 0.0453125 0.2171875
18 0.46328125 0.665625 0.0265625 0.1796875
5 0.49296875 0.65703125 0.01875 0.1515625
6 0.5171875 0.6546875 0.0234375 0.1484375
17 0.54375 0.66015625 0.0296875 0.15234375
2 0.58515625 0.690625 0.040625 0.2171875
13 0.6140625 0.69140625 0.0375 0.2265625
26 0.65703125 0.68125 0.053125 0.22265625
10 0.7078125 0.671875 0.084375 0.21875
22 0.77265625 0.6359375 0.0875 0.196875
30 0.83515625 0.6 0.071875 0.11328125