31 0.15390625 0.51640625 0.08203125 0.15390625
23 0.221875 0.54375 0.0984375 0.2078125
11 0.275 0.59921875 0.1125 0.2421875
27 0.33828125 0.6203125 0.0625 0.228125
14 0.3796875 0.63125 0.05234375 0.2140625
3 0.4265625 0.628125 0.0421875 0.19140625
18 0.46484375 0.62265625 0.034375 0.165625
5 0.496875 0.625 0.03046875 0.16171875
6 0.52578125 0.62734375 0.02109375 0.165625
17 0.55546875 0.621875 0.034375 0.159375
2 0.59609375 0.634375 0.0484375 0.2171875
13 0.6421875 0.62890625 0.06015625 0.20546875
26 0.6828125 0.615625 0.0640625 0.2078125
10 0.746875 0.59765625 0.10859375 0.24375
22 0.80546875 0.546875 0.10078125 0.221875
30 0.86875 0.51171875 0.078125 0.1515625
20 0.23515625 0.35234375 0.0765625 0.190625
8 0.284375 0.38515625 0.05859375 0.2
24 0.33046875 0.3703125 0.0421875 0.2703125
12 0.36953125 0.39375 0.04453125 0.23828125
0 0.4078125 0.37109375 0.04453125 0.2921875
19 0.453125 0.38984375 0.0421875 0.22578125
7 0.496875 0.41015625 0.05 0.221875
4 0.5484375 0.39765625 0.0484375 0.24921875
16 0.59140625 0.38125 0.03828125 0.2640625
1 0.63046875 0.384375 0.04453125 0.27421875
15 0.6703125 0.38671875 0.0484375 0.23515625
25 0.71015625 0.38125 0.04921875 0.21171875
21 0.775 0.33984375 0.06015625 0.21796875
29 0.8203125 0.2671875 0.05859375 0.16171875