31 0.14765625 0.5921875 0.075 0.1390625
23 0.215625 0.63203125 0.0875 0.196875
27 0.28125 0.675 0.06015625 0.22890625
14 0.33828125 0.6859375 0.0578125 0.24765625
3 0.38359375 0.675 0.05 0.24609375
18 0.41875 0.65625 0.0453125 0.2125
5 0.45234375 0.62890625 0.0328125 0.175
6 0.48671875 0.63046875 0.034375 0.18125
17 0.51796875 0.63515625 0.03515625 0.19609375
2 0.5578125 0.67578125 0.04140625 0.2890625
13 0.59609375 0.6875 0.04765625 0.29140625
26 0.64296875 0.6578125 0.0453125 0.225
22 0.76171875 0.59765625 0.0953125 0.1796875
30 0.83515625 0.58125 0.08125 0.14140625
28 0.13203125 0.296875 0.06015625 0.12578125
20 0.159375 0.40078125 0.075 0.18671875
8 0.2171875 0.40703125 0.0640625 0.2125
24 0.271875 0.4125 0.0453125 0.23125
12 0.3109375 0.4125 0.04140625 0.23515625
0 0.3546875 0.40546875 0.04140625 0.24140625
19 0.3953125 0.39140625 0.04765625 0.22265625
7 0.44296875 0.39296875 0.0515625 0.24609375
4 0.49375 0.39921875 0.05 0.2125
16 0.53203125 0.396875 0.0390625 0.2125
1 0.5765625 0.37265625 0.0625 0.21875
15 0.61796875 0.38671875 0.05390625 0.22578125
25 0.64765625 0.390625 0.05 0.22890625
9 0.709375 0.39375 0.075 0.22734375
21 0.77421875 0.38359375 0.07890625 0.18671875
29 0.8140625 0.28984375 0.06875 0.12734375