20 0.26484375 0.44765625 0.0609375 0.18046875
8 0.328125 0.440625 0.06640625 0.18671875
24 0.371875 0.43125 0.05625 0.17890625
0 0.4296875 0.3890625 0.046875 0.25078125
19 0.46796875 0.428125 0.0328125 0.17265625
7 0.50625 0.43125 0.046875 0.175
4 0.55078125 0.4421875 0.046875 0.18046875
16 0.58984375 0.44609375 0.03125 0.17265625
1 0.6265625 0.4515625 0.046875 0.16796875
22 0.7609375 0.64375 0.0640625 0.17890625
10 0.6984375 0.64921875 0.05625 0.184375
26 0.6515625 0.64140625 0.0328125 0.1765625
13 0.6171875 0.64296875 0.03515625 0.18046875
2 0.5796875 0.646875 0.04296875 0.2078125
5 0.4828125 0.61875 0.03125 0.1515625
18 0.44453125 0.640625 0.0375 0.1875
3 0.40625 0.6390625 0.0390625 0.17578125
14 0.36875 0.65 0.046875 0.16796875
11 0.2578125 0.64375 0.078125 0.17890625