11 0.2375 0.61015625 0.1 0.18046875
27 0.3171875 0.6515625 0.053125 0.21015625
14 0.3703125 0.65 0.0453125 0.20234375
3 0.42109375 0.64765625 0.0484375 0.209375
18 0.471875 0.63359375 0.0375 0.1765625
5 0.5015625 0.634375 0.02734375 0.17890625
6 0.534375 0.61953125 0.0328125 0.14140625
17 0.565625 0.621875 0.0328125 0.1453125
2 0.6109375 0.6609375 0.04296875 0.22734375
13 0.65 0.64140625 0.04296875 0.18828125
26 0.6984375 0.64609375 0.053125 0.21015625
10 0.76171875 0.62734375 0.08203125 0.2078125
22 0.8265625 0.58046875 0.0859375 0.1765625
20 0.21953125 0.3796875 0.0609375 0.184375
8 0.28046875 0.40546875 0.0609375 0.1734375
24 0.3328125 0.40234375 0.0453125 0.1875
12 0.3703125 0.3921875 0.0453125 0.22578125
0 0.4109375 0.3921875 0.0453125 0.253125
19 0.4515625 0.39296875 0.0390625 0.2234375
7 0.48828125 0.40703125 0.04296875 0.22734375
4 0.53125 0.41953125 0.0390625 0.1984375
16 0.56640625 0.4171875 0.04296875 0.18671875
1 0.6078125 0.39375 0.04296875 0.23359375
15 0.6453125 0.415625 0.0453125 0.17109375
25 0.68671875 0.39609375 0.0453125 0.19453125
9 0.73828125 0.39375 0.0625 0.17109375
21 0.8015625 0.365625 0.0609375 0.19609375