28 0.1859375 0.31328125 0.0703125 0.1234375
20 0.2328125 0.3859375 0.0546875 0.1859375
8 0.28984375 0.3984375 0.0609375 0.20703125
24 0.35390625 0.3984375 0.07109375 0.23046875
12 0.3765625 0.409375 0.0421875 0.2359375
0 0.4140625 0.41796875 0.0390625 0.2265625
19 0.45625 0.42890625 0.0484375 0.209375
7 0.48828125 0.42890625 0.04296875 0.225
4 0.5234375 0.43125 0.03515625 0.21875
16 0.5609375 0.43359375 0.03125 0.21484375
1 0.59375 0.4140625 0.03125 0.23828125
15 0.6296875 0.421875 0.0375 0.21875
25 0.6671875 0.40234375 0.0328125 0.23828125
9 0.7140625 0.3984375 0.05625 0.21875
21 0.76875 0.4046875 0.053125 0.19140625
29 0.8078125 0.34375 0.053125 0.125
31 0.16875 0.55859375 0.084375 0.16015625
23 0.23359375 0.590625 0.0765625 0.2125
11 0.29375 0.6234375 0.0796875 0.21875
27 0.346875 0.64375 0.0484375 0.22734375
14 0.38671875 0.6484375 0.04296875 0.2109375
3 0.415625 0.6453125 0.05078125 0.1890625
18 0.459375 0.64140625 0.02734375 0.1703125
5 0.4875 0.6421875 0.025 0.16875
6 0.515625 0.659375 0.01953125 0.15
17 0.5453125 0.6484375 0.03125 0.17578125
2 0.57578125 0.646875 0.034375 0.1796875
13 0.609375 0.6515625 0.0390625 0.196875
26 0.6484375 0.6515625 0.04296875 0.2203125
10 0.70234375 0.63359375 0.084375 0.2203125
22 0.7578125 0.6109375 0.06640625 0.2109375
30 0.82109375 0.56953125 0.071875 0.1421875