31 0.19921875 0.54609375 0.05859375 0.1703125
23 0.253125 0.53203125 0.09375 0.21640625
27 0.36171875 0.60390625 0.05859375 0.19921875
14 0.3921875 0.64296875 0.05859375 0.23828125
3 0.42421875 0.64765625 0.0609375 0.2078125
18 0.4578125 0.665625 0.0453125 0.20078125
5 0.48515625 0.6734375 0.03125 0.19453125
6 0.51640625 0.66328125 0.02421875 0.175
17 0.5421875 0.659375 0.028125 0.153125
2 0.575 0.6765625 0.04140625 0.22265625
13 0.61015625 0.6828125 0.0453125 0.253125
26 0.6453125 0.66796875 0.04375 0.23125
30 0.8203125 0.57421875 0.07578125 0.16640625
28 0.2453125 0.26015625 0.05625 0.15
7 0.47734375 0.425 0.04140625 0.25
19 0.44375 0.44140625 0.03515625 0.15625
0 0.4109375 0.40625 0.0390625 0.2203125
12 0.37578125 0.39296875 0.04375 0.2203125
24 0.33671875 0.390625 0.03515625 0.23359375
4 0.52734375 0.43671875 0.04140625 0.22578125
16 0.56171875 0.44921875 0.028125 0.1921875
1 0.58984375 0.4078125 0.028125 0.2078125
15 0.6203125 0.42890625 0.0546875 0.23984375
25 0.6640625 0.4390625 0.04140625 0.24375
21 0.77734375 0.4234375 0.08515625 0.2296875
29 0.8046875 0.34375 0.08671875 0.153125