31 0.17578125 0.6015625 0.0703125 0.13359375
23 0.240625 0.6546875 0.096875 0.23046875
11 0.30859375 0.69140625 0.10546875 0.24296875
27 0.37578125 0.70625 0.06640625 0.23046875
14 0.41953125 0.7171875 0.07421875 0.22421875
3 0.4484375 0.71484375 0.02890625 0.16640625
30 0.8328125 0.565625 0.06171875 0.11484375
22 0.77890625 0.65625 0.0703125 0.2125
10 0.7265625 0.68984375 0.096875 0.246875
26 0.66953125 0.71875 0.0578125 0.23046875
13 0.62890625 0.73359375 0.06015625 0.26015625
2 0.59375 0.73671875 0.04375 0.24296875
17 0.56015625 0.7109375 0.0328125 0.203125
6 0.5328125 0.709375 0.025 0.19140625
5 0.51015625 0.71015625 0.0203125 0.13125
18 0.484375 0.6984375 0.03515625 0.153125
29 0.76640625 0.30703125 0.0578125 0.134375
21 0.753125 0.40625 0.084375 0.2015625
9 0.7125 0.421875 0.06171875 0.22421875
25 0.66640625 0.45390625 0.0390625 0.19296875
15 0.62734375 0.471875 0.04765625 0.17578125
1 0.5984375 0.403125 0.0515625 0.1953125
16 0.56796875 0.48203125 0.0375 0.19140625
4 0.5328125 0.47734375 0.04140625 0.22734375
28 0.24765625 0.321875 0.05234375 0.10859375
20 0.265625 0.4140625 0.08046875 0.19921875
8 0.31953125 0.42890625 0.0640625 0.20546875
24 0.37265625 0.4375 0.04375 0.2140625
12 0.41640625 0.44609375 0.04765625 0.221875
0 0.4546875 0.475 0.0375 0.19765625
19 0.490625 0.36640625 0.0765625 0.1046875
7 0.490625 0.5 0.04375 0.18203125