7 0.481093 0.402368 0.035948 0.183825
19 0.449639 0.403594 0.035131 0.170753
0 0.421044 0.406862 0.040033 0.191995
12 0.395880 0.410579 0.035049 0.206701
24 0.363527 0.406984 0.029657 0.111439
8 0.334768 0.404738 0.036847 0.090769
20 0.297023 0.434844 0.051226 0.176145
28 0.254335 0.443831 0.044935 0.141995
4 0.517654 0.399346 0.032353 0.177044
16 0.548659 0.406086 0.035049 0.177943
1 0.576069 0.400244 0.043138 0.196815
15 0.597638 0.410579 0.035948 0.204904
25 0.627745 0.427205 0.038644 0.193221
9 0.660547 0.433047 0.048530 0.222878
21 0.700989 0.444730 0.044935 0.188727
21 0.684363 0.442483 0.009886 0.006291
29 0.742329 0.450571 0.044935 0.162665
6 0.524394 0.592566 0.026062 0.157273
17 0.545963 0.599756 0.026062 0.166260
2 0.567532 0.607395 0.027860 0.150982
13 0.594043 0.613236 0.032353 0.141096
26 0.618758 0.640647 0.033252 0.190525
10 0.655604 0.660867 0.051226 0.159070
22 0.705932 0.653228 0.074592 0.195917
30 0.755360 0.640647 0.079984 0.195917
5 0.506420 0.594364 0.024265 0.153678
18 0.487547 0.597958 0.027860 0.160867
3 0.464181 0.600205 0.035049 0.161766
14 0.436771 0.622223 0.035948 0.202208
27 0.405316 0.628964 0.041340 0.206701
11 0.363976 0.629862 0.061112 0.201309
23 0.310503 0.637052 0.081782 0.206701
31 0.258379 0.606945 0.074592 0.171652