7 0.492888 0.494734 0.022977 0.196264
19 0.471347 0.491384 0.018190 0.191477
0 0.443104 0.469842 0.022977 0.192434
12 0.423478 0.471757 0.029679 0.188605
24 0.398586 0.464577 0.022020 0.191477
8 0.372258 0.451652 0.044040 0.188605
20 0.333005 0.443993 0.030636 0.161798
4 0.513472 0.502872 0.020105 0.179988
16 0.535971 0.506223 0.019148 0.167542
1 0.555597 0.486118 0.025849 0.188605
15 0.577138 0.488033 0.019148 0.175201
25 0.600594 0.487075 0.025849 0.161798
9 0.626922 0.487075 0.042125 0.154139
21 0.660431 0.476544 0.040210 0.142650
29 0.691546 0.460747 0.046912 0.135949
6 0.505334 0.677116 0.015318 0.118716
17 0.521610 0.689562 0.015318 0.141693
2 0.536928 0.691477 0.015318 0.178074
13 0.562777 0.685733 0.021062 0.179988
26 0.589105 0.683339 0.025849 0.190520
10 0.622614 0.672329 0.056486 0.189562
22 0.663781 0.647437 0.062230 0.178074
5 0.490016 0.680467 0.013403 0.133076
18 0.476613 0.681903 0.021062 0.155096
3 0.453635 0.689083 0.019148 0.192434
14 0.438796 0.680946 0.025849 0.195306
27 0.415340 0.678074 0.034466 0.189562
11 0.379438 0.668021 0.071804 0.180946
23 0.338271 0.631640 0.066060 0.157968