7 0.488341 0.486597 0.030636 0.179988
19 0.461534 0.483246 0.026807 0.169457
0 0.433770 0.474629 0.028722 0.180946
12 0.406484 0.479895 0.033508 0.166585
24 0.381114 0.481810 0.030636 0.164670
8 0.351435 0.495213 0.044040 0.153182
20 0.313139 0.483246 0.042125 0.154139
28 0.267185 0.467449 0.040210 0.126375
4 0.519456 0.485161 0.027764 0.182860
16 0.546262 0.489469 0.022020 0.174244
1 0.572590 0.494734 0.022977 0.169457
15 0.598919 0.496649 0.023935 0.154139
25 0.625725 0.491862 0.023935 0.154139
9 0.660191 0.493298 0.037338 0.153182
21 0.702316 0.497607 0.039253 0.161798
29 0.746356 0.469842 0.067974 0.127332
6 0.512754 0.666585 0.025849 0.151267
17 0.540518 0.666106 0.023935 0.154139
2 0.560144 0.672329 0.024892 0.172329
13 0.588866 0.661798 0.026807 0.157011
26 0.610886 0.653660 0.022977 0.161798
10 0.653011 0.659883 0.053614 0.172329
22 0.698965 0.653660 0.059358 0.150309
30 0.768376 0.607706 0.085207 0.112014
5 0.488341 0.668500 0.022977 0.151267
18 0.466799 0.662277 0.016276 0.136906
3 0.440471 0.662755 0.026807 0.174244
14 0.412707 0.651267 0.021062 0.170414
27 0.390209 0.649831 0.025849 0.165628
11 0.351435 0.655575 0.051699 0.167542
23 0.300693 0.649831 0.053614 0.179031
31 0.237027 0.604834 0.083292 0.098611