7 0.480753 0.422793 0.040235 0.183775
19 0.452480 0.427686 0.035885 0.191387
0 0.426926 0.434211 0.041322 0.195737
12 0.401371 0.443454 0.044585 0.192475
24 0.375273 0.448347 0.040235 0.191387
20 0.298065 0.473902 0.042410 0.159852
28 0.264899 0.464659 0.043497 0.147890
4 0.520988 0.430405 0.035885 0.177251
16 0.543280 0.439648 0.034798 0.165289
1 0.571553 0.449435 0.030448 0.176163
15 0.593302 0.455959 0.039147 0.178338
25 0.622119 0.462484 0.035885 0.171814
9 0.655285 0.476620 0.050022 0.182688
21 0.695520 0.486407 0.041322 0.143540
6 0.512289 0.627773 0.022836 0.184863
17 0.530231 0.624510 0.019574 0.200087
2 0.545999 0.637560 0.022836 0.184863
13 0.571553 0.660939 0.030448 0.212048
26 0.593302 0.658764 0.041322 0.190300
22 0.675946 0.656046 0.060896 0.163114
30 0.724337 0.645715 0.055459 0.166376
5 0.493259 0.622879 0.026098 0.179426
18 0.474772 0.626142 0.028273 0.194650
3 0.453024 0.631035 0.028273 0.173988
14 0.431275 0.655502 0.032623 0.216398
27 0.408983 0.654958 0.042410 0.200087
11 0.367661 0.659308 0.070683 0.193562
23 0.321989 0.659308 0.068508 0.176163
31 0.279579 0.646259 0.057634 0.163114