7 0.499239 0.499456 0.033710 0.213136
19 0.473141 0.500000 0.029361 0.196824
0 0.447587 0.494563 0.030448 0.203349
12 0.423120 0.495107 0.042410 0.193562
24 0.392672 0.490213 0.042410 0.179426
8 0.356786 0.480970 0.053284 0.169639
20 0.316552 0.460309 0.053284 0.156590
28 0.286104 0.453241 0.055459 0.109830
4 0.525338 0.498369 0.029361 0.224010
16 0.547630 0.494563 0.030448 0.207699
1 0.574272 0.482057 0.029361 0.224010
15 0.594933 0.483145 0.035885 0.204436
25 0.623206 0.478795 0.033710 0.195737
9 0.654198 0.465202 0.043497 0.192475
21 0.689539 0.457047 0.044585 0.171814
29 0.725424 0.447260 0.046759 0.167464
6 0.507939 0.691387 0.020661 0.133754
17 0.526425 0.687581 0.020661 0.141366
2 0.547630 0.698456 0.028273 0.180513
13 0.568291 0.682144 0.032623 0.160939
26 0.596021 0.683232 0.048934 0.189212
10 0.636799 0.666920 0.073945 0.189212
22 0.684102 0.638647 0.077207 0.180513
5 0.493802 0.690844 0.022836 0.141366
18 0.472597 0.693562 0.028273 0.148978
3 0.453567 0.692475 0.035885 0.166376
14 0.428557 0.688669 0.033710 0.176163
27 0.398109 0.684319 0.046759 0.184863
11 0.355155 0.658764 0.065246 0.177251
23 0.312746 0.639734 0.078295 0.191387
31 0.272511 0.585363 0.084819 0.171814