7 0.479762 0.469459 0.051603 0.193775
19 0.446589 0.466300 0.023169 0.185350
0 0.412363 0.458402 0.036859 0.194828
12 0.389720 0.452609 0.040019 0.179031
24 0.357074 0.445764 0.029487 0.169553
8 0.320214 0.434180 0.042125 0.163234
20 0.285988 0.419436 0.041072 0.131640
28 0.254921 0.382577 0.044231 0.129534
4 0.522941 0.473672 0.030541 0.187456
16 0.557167 0.463667 0.033700 0.156915
1 0.584022 0.452083 0.034753 0.188509
15 0.613509 0.446817 0.045284 0.159022
25 0.639837 0.451030 0.047391 0.140065
9 0.676696 0.432074 0.053709 0.144278
21 0.713029 0.411011 0.048444 0.127428
29 0.736198 0.384156 0.033700 0.145331
6 0.522941 0.651650 0.030541 0.130587
17 0.546636 0.646384 0.033700 0.141118
2 0.574544 0.650597 0.043178 0.172712
13 0.604031 0.631640 0.049497 0.145331
26 0.624040 0.619003 0.036859 0.145331
10 0.667745 0.594781 0.054762 0.136906
22 0.717242 0.578458 0.061081 0.159022
30 0.753048 0.530541 0.048444 0.134800
5 0.497666 0.652703 0.020009 0.136906
18 0.469231 0.653756 0.022116 0.134800
3 0.438164 0.649017 0.037912 0.156915
14 0.402358 0.634800 0.033700 0.145331
27 0.376556 0.624795 0.032647 0.152703
11 0.331799 0.608472 0.063187 0.172712
23 0.306298 0.578171 0.065294 0.164287
31 0.245969 0.535280 0.060028 0.163234