7 0.493493 0.372437 0.044021 0.225895
19 0.458740 0.369541 0.037070 0.183033
0 0.434992 0.351006 0.033595 0.234004
12 0.406032 0.363749 0.047496 0.196934
24 0.378808 0.349847 0.039387 0.213152
8 0.338842 0.356219 0.059080 0.193459
20 0.302352 0.362011 0.050971 0.170290
28 0.264702 0.352164 0.059080 0.176082
4 0.528826 0.374175 0.035911 0.236321
16 0.555470 0.373595 0.028961 0.193459
1 0.585010 0.378229 0.032436 0.218944
15 0.607020 0.374175 0.030119 0.215469
25 0.630768 0.388655 0.035911 0.191142
9 0.666100 0.387497 0.046337 0.181874
21 0.707804 0.395606 0.046337 0.151755
29 0.747191 0.377650 0.044021 0.162181
6 0.541569 0.584431 0.033595 0.165656
17 0.558366 0.596015 0.020852 0.167973
2 0.587327 0.616867 0.027802 0.218944
13 0.614550 0.602966 0.028961 0.188825
26 0.640036 0.615129 0.042862 0.187667
10 0.681739 0.599490 0.052130 0.174924
22 0.727497 0.593698 0.067189 0.188825
30 0.769201 0.556628 0.076457 0.165656
5 0.514345 0.586168 0.037070 0.171448
18 0.484226 0.585589 0.034753 0.188825
3 0.453527 0.582693 0.045179 0.199251
14 0.425725 0.585010 0.035911 0.185350
27 0.390393 0.576322 0.041704 0.181874
11 0.349847 0.564737 0.060239 0.165656
23 0.302931 0.556628 0.059080 0.172607
31 0.257752 0.535197 0.063714 0.178399