7 0.468810 0.457349 0.048444 0.186403
19 0.438796 0.451556 0.043178 0.164287
0 0.410362 0.456822 0.047391 0.176925
12 0.384034 0.458928 0.049497 0.193775
24 0.355599 0.455242 0.041072 0.188509
8 0.320846 0.457349 0.060028 0.186403
20 0.284513 0.463141 0.054762 0.179031
28 0.252393 0.458928 0.047391 0.157968
4 0.503036 0.461034 0.036859 0.191668
16 0.533577 0.471566 0.036859 0.191668
1 0.562538 0.468933 0.033700 0.186403
15 0.592552 0.469459 0.038966 0.216943
25 0.615721 0.468406 0.038966 0.229581
9 0.655213 0.481044 0.044231 0.195881
21 0.688386 0.475252 0.045284 0.186403
29 0.721033 0.486309 0.051603 0.134800
6 0.495494 0.646384 0.034753 0.179031
17 0.516030 0.656915 0.035806 0.174818
2 0.551836 0.671132 0.031594 0.169553
13 0.579744 0.687982 0.041072 0.175872
26 0.619763 0.715364 0.062134 0.203253
10 0.660835 0.706412 0.076878 0.210625
22 0.702433 0.691668 0.063187 0.179031
30 0.740345 0.662181 0.075825 0.160075
5 0.465480 0.649543 0.027381 0.179031
18 0.442838 0.657442 0.038966 0.184297
3 0.420196 0.665867 0.050550 0.192722
14 0.388602 0.685876 0.037912 0.192722
27 0.365960 0.690089 0.049497 0.220103
11 0.335808 0.676556 0.053709 0.201146
23 0.276445 0.679557 0.060028 0.199040
31 0.232214 0.629008 0.074772 0.180084