7 0.484790 0.424714 0.030384 0.195810
19 0.458457 0.424039 0.026333 0.194460
0 0.435162 0.425390 0.028359 0.201212
12 0.411530 0.421338 0.035111 0.203913
24 0.381483 0.426065 0.037136 0.185007
8 0.349411 0.419313 0.052666 0.178255
20 0.301471 0.406870 0.045914 0.169574
28 0.261296 0.387518 0.050641 0.159229
4 0.513824 0.417287 0.031735 0.209314
16 0.538806 0.419313 0.026333 0.213365
1 0.566490 0.428090 0.024983 0.220118
15 0.591810 0.428766 0.024307 0.224169
25 0.615780 0.427415 0.030384 0.218767
9 0.652241 0.428428 0.042538 0.207289
21 0.695792 0.426402 0.043213 0.182981
29 0.730903 0.424039 0.048615 0.149896
6 0.511123 0.597567 0.016880 0.186357
17 0.529353 0.616136 0.019581 0.155973
2 0.550960 0.612422 0.027683 0.159349
13 0.570879 0.615123 0.032410 0.151246
26 0.598562 0.615460 0.036461 0.146520
10 0.639750 0.614448 0.059418 0.151246
22 0.689715 0.612422 0.063469 0.155298
30 0.744745 0.572247 0.076298 0.162725
5 0.494198 0.612203 0.018783 0.168057
18 0.477392 0.615168 0.018783 0.166080
3 0.458115 0.616157 0.017794 0.181897
14 0.434389 0.628514 0.025703 0.194748
27 0.406215 0.629008 0.024714 0.201668
11 0.362224 0.620606 0.059314 0.200680
23 0.312795 0.610226 0.063269 0.217486
31 0.263366 0.558820 0.073154 0.177943