7 0.487772 0.434754 0.027680 0.220451
19 0.463058 0.441180 0.027680 0.205623
0 0.435872 0.430800 0.032623 0.218474
12 0.420549 0.445134 0.039543 0.189806
24 0.391881 0.448100 0.039543 0.179920
4 0.517923 0.435249 0.024714 0.217486
16 0.541155 0.433766 0.021749 0.214520
1 0.560432 0.433271 0.026691 0.199691
15 0.585641 0.436731 0.027680 0.202657
25 0.603435 0.436237 0.027680 0.187828
9 0.639023 0.434260 0.043497 0.177943
21 0.673129 0.439203 0.040531 0.150263
20 0.321692 0.456997 0.043497 0.144331
28 0.300932 0.365554 0.069200 0.101823
29 0.687958 0.363083 0.054371 0.088971
6 0.512981 0.637906 0.022737 0.152240
17 0.530775 0.635928 0.020760 0.170034
2 0.545603 0.637411 0.014829 0.184863
13 0.568341 0.637906 0.022737 0.166080
26 0.592066 0.632963 0.036577 0.177943
10 0.629138 0.625548 0.047451 0.173000
22 0.676095 0.610226 0.062280 0.168057
30 0.714155 0.569694 0.055360 0.156194
5 0.496669 0.625548 0.017794 0.133457
18 0.484312 0.640377 0.026691 0.169046
3 0.459103 0.643343 0.023726 0.171023
14 0.439332 0.640871 0.025703 0.175966
27 0.414618 0.645320 0.033611 0.178931
11 0.377052 0.641366 0.059314 0.174977
23 0.324658 0.625548 0.077109 0.174977
31 0.275229 0.590454 0.061291 0.162126