7 0.489289 0.429854 0.038104 0.179262
19 0.458114 0.425957 0.038104 0.176664
0 0.433000 0.427256 0.029444 0.175798
12 0.405288 0.428555 0.039836 0.173200
24 0.370215 0.439380 0.051094 0.175798
8 0.327781 0.450638 0.049362 0.172334
20 0.289244 0.463628 0.043300 0.153282
4 0.526960 0.431586 0.035506 0.187922
16 0.561600 0.422493 0.032042 0.187056
1 0.587580 0.427689 0.032042 0.183592
15 0.614426 0.432019 0.032042 0.178396
25 0.643004 0.438514 0.045898 0.156746
9 0.680675 0.445009 0.043300 0.161076
21 0.721810 0.442411 0.040702 0.152416
6 0.512238 0.608683 0.019918 0.164540
17 0.530857 0.610415 0.022516 0.142024
2 0.551641 0.612147 0.022516 0.166272
13 0.578487 0.622106 0.027712 0.167138
26 0.600137 0.619941 0.027712 0.168004
10 0.633478 0.618642 0.045898 0.170602
22 0.678510 0.615611 0.045898 0.169736
30 0.733501 0.574476 0.072744 0.116910
5 0.495784 0.615611 0.023382 0.155880
18 0.476732 0.618209 0.019918 0.169736
3 0.454217 0.615611 0.026846 0.192252
14 0.429969 0.616044 0.028578 0.180994
27 0.405721 0.617343 0.033774 0.174932
11 0.372380 0.622539 0.048496 0.168004
23 0.326482 0.630333 0.055424 0.174932
31 0.262831 0.625570 0.077074 0.109982