7 0.487383 0.501168 0.026807 0.202966
19 0.460098 0.491115 0.020105 0.192434
0 0.432334 0.489679 0.023935 0.187647
12 0.410314 0.488243 0.041168 0.167542
24 0.383028 0.486807 0.036381 0.160841
8 0.347126 0.478191 0.044997 0.155096
20 0.312182 0.464787 0.032551 0.160841
28 0.272450 0.471010 0.037338 0.184775
4 0.516105 0.506434 0.024892 0.213497
16 0.541475 0.512178 0.025849 0.200093
1 0.565410 0.506434 0.016276 0.221156
15 0.588387 0.497817 0.025849 0.190520
25 0.618545 0.489679 0.024892 0.187647
9 0.655404 0.490637 0.037338 0.168500
21 0.690827 0.485371 0.022020 0.154139
29 0.727687 0.482499 0.040210 0.136906
6 0.518020 0.681156 0.019148 0.122545
17 0.541954 0.684028 0.021062 0.132119
2 0.562059 0.689294 0.028722 0.188605
13 0.589823 0.694560 0.030636 0.178074
26 0.620460 0.684507 0.038295 0.190520
10 0.661627 0.672061 0.061273 0.180946
22 0.709975 0.655786 0.058400 0.167542
30 0.750664 0.612703 0.068932 0.140736
5 0.496478 0.679720 0.025849 0.121588
18 0.468236 0.672061 0.026807 0.146480
3 0.452439 0.680199 0.043082 0.185733
14 0.426111 0.688337 0.042125 0.203923
27 0.386379 0.673497 0.041168 0.204880
11 0.344733 0.673497 0.051699 0.204880
23 0.290162 0.641904 0.068932 0.195306