7 0.483472 0.459221 0.032623 0.195737
19 0.460636 0.463027 0.028273 0.188125
0 0.433450 0.447260 0.030448 0.200087
12 0.414420 0.433667 0.042410 0.175076
24 0.386147 0.432579 0.035885 0.179426
8 0.354612 0.422249 0.051109 0.182688
20 0.315464 0.396694 0.044585 0.155502
4 0.515551 0.447803 0.029361 0.225098
16 0.544368 0.455415 0.023923 0.205524
1 0.575903 0.439104 0.030448 0.229447
15 0.598195 0.441279 0.029361 0.203349
25 0.622119 0.441279 0.033710 0.203349
9 0.654198 0.438017 0.041322 0.205524
21 0.694976 0.419530 0.048934 0.190300
6 0.498152 0.672357 0.022836 0.210961
17 0.522075 0.676707 0.022836 0.221835
2 0.545455 0.676163 0.030448 0.209874
13 0.567747 0.663114 0.038060 0.201174
26 0.591671 0.659852 0.048934 0.205524
10 0.624294 0.646259 0.061983 0.184863
22 0.672684 0.628860 0.069595 0.178338
30 0.719444 0.593519 0.073945 0.170726
5 0.481841 0.672901 0.027186 0.209874
18 0.461179 0.665289 0.029361 0.203349
3 0.438343 0.660396 0.040235 0.215311
14 0.414964 0.646259 0.052197 0.213136
27 0.379079 0.622336 0.067421 0.193562
11 0.326882 0.601675 0.086994 0.178338
23 0.279035 0.569595 0.089169 0.188125