7 0.487731 0.519148 0.035684 0.174070
19 0.462056 0.512620 0.027851 0.181903
0 0.432464 0.518713 0.029592 0.167977
12 0.409835 0.536990 0.043517 0.122719
24 0.381984 0.526981 0.038295 0.135775
8 0.347605 0.522629 0.049610 0.130552
20 0.304523 0.517407 0.048740 0.137515
28 0.272320 0.493908 0.046999 0.090516
4 0.520805 0.515666 0.037425 0.186255
16 0.546480 0.535249 0.026110 0.154052
1 0.570850 0.529157 0.031333 0.176681
15 0.589997 0.527851 0.029592 0.127071
25 0.619589 0.529592 0.036555 0.127071
9 0.647876 0.536990 0.042647 0.120979
21 0.688347 0.536555 0.046999 0.116627
29 0.725772 0.500870 0.046999 0.097479
6 0.508620 0.674070 0.021759 0.135775
17 0.526897 0.683209 0.028722 0.138386
2 0.550832 0.681903 0.033073 0.137515
13 0.574331 0.690607 0.040036 0.140997
26 0.627423 0.768155 0.066147 0.128986
10 0.639607 0.667107 0.062665 0.142737
22 0.690523 0.665802 0.070498 0.154052
30 0.734040 0.648395 0.056573 0.140126
5 0.491648 0.672329 0.020888 0.149700
18 0.472500 0.687125 0.015666 0.134034
3 0.448130 0.685820 0.031333 0.131423
14 0.425937 0.692347 0.028722 0.170589
27 0.401567 0.676246 0.032203 0.169718
11 0.358920 0.688431 0.073980 0.190607
23 0.314097 0.655793 0.069628 0.140997
31 0.270579 0.651876 0.050480 0.140126