7 0.483350 0.448285 0.053228 0.184859
19 0.450622 0.452960 0.039561 0.175509
0 0.417174 0.446127 0.044596 0.174789
12 0.395595 0.465548 0.046035 0.156087
24 0.363946 0.469145 0.041719 0.160403
8 0.326543 0.483890 0.050351 0.151052
20 0.286262 0.481013 0.047474 0.153930
28 0.247061 0.473820 0.043877 0.116526
4 0.512481 0.455478 0.039561 0.163280
16 0.545209 0.468425 0.030210 0.143140
1 0.570025 0.453320 0.036684 0.186298
15 0.606709 0.460513 0.033807 0.183421
25 0.633323 0.464469 0.049632 0.187017
9 0.671086 0.472741 0.060421 0.174789
21 0.717121 0.474899 0.061860 0.158965
29 0.753446 0.432101 0.062579 0.171193
6 0.514999 0.636741 0.027333 0.174789
17 0.532622 0.637100 0.041000 0.168316
2 0.550964 0.660118 0.048912 0.166877
2 0.581534 0.647890 0.038123 0.166877
26 0.609946 0.662276 0.040281 0.195649
10 0.647709 0.663714 0.076965 0.188456
22 0.699858 0.659758 0.067614 0.183421
30 0.751648 0.638179 0.064737 0.177666
5 0.489104 0.638899 0.020140 0.174789
18 0.471841 0.640337 0.028772 0.174789
3 0.439832 0.651846 0.043877 0.190614
14 0.419332 0.657960 0.035965 0.204280
27 0.396145 0.653756 0.037912 0.191668
11 0.352966 0.669553 0.050550 0.206412
23 0.306629 0.655336 0.046337 0.182190
31 0.260818 0.627428 0.068453 0.172712