7 0.487129 0.508952 0.040019 0.220103
19 0.460274 0.504212 0.034753 0.200093
0 0.433420 0.505266 0.033700 0.197987
12 0.410251 0.512111 0.040019 0.177978
24 0.383923 0.510531 0.042125 0.176925
8 0.351276 0.510531 0.050550 0.172712
20 0.311784 0.514744 0.045284 0.151650
28 0.285456 0.433127 0.053709 0.137959
4 0.513984 0.512111 0.036859 0.211678
16 0.538732 0.518956 0.031594 0.197987
1 0.561374 0.514744 0.030541 0.212731
15 0.583490 0.518430 0.041072 0.207465
25 0.614030 0.522642 0.032647 0.184297
9 0.646151 0.533700 0.050550 0.172712
21 0.679324 0.514744 0.053709 0.176925
29 0.705126 0.460508 0.080037 0.137959
6 0.509771 0.716943 0.026328 0.179031
17 0.526095 0.729581 0.033700 0.191668
2 0.551896 0.738006 0.032647 0.214837
13 0.578751 0.733793 0.029487 0.195881
26 0.600866 0.735900 0.042125 0.195881
10 0.640358 0.727475 0.060028 0.174818
22 0.686696 0.717996 0.074772 0.191668
30 0.729347 0.681137 0.065294 0.143225
5 0.492921 0.719576 0.026328 0.169553
18 0.475018 0.716417 0.032647 0.167447
3 0.450796 0.727475 0.026328 0.212731
14 0.421835 0.706939 0.040019 0.163234
27 0.394454 0.712731 0.046337 0.195881
11 0.360754 0.709045 0.073719 0.217996
23 0.309151 0.687982 0.075825 0.190615
31 0.270712 0.671659 0.055816 0.174818