7 0.488636 0.452153 0.029904 0.173445
19 0.468301 0.463517 0.025120 0.157895
0 0.444377 0.455144 0.025120 0.167464
12 0.431818 0.461723 0.026316 0.149521
24 0.406100 0.476675 0.039474 0.172249
8 0.375598 0.482057 0.043062 0.163875
20 0.339712 0.465311 0.045454 0.163875
28 0.307416 0.459928 0.038277 0.157895
4 0.514353 0.455144 0.028708 0.174641
16 0.539473 0.466507 0.023923 0.175837
1 0.556817 0.458134 0.025120 0.197368
15 0.569975 0.471890 0.029904 0.169856
25 0.595095 0.485646 0.032297 0.159091
9 0.624999 0.500000 0.041866 0.154306
21 0.660884 0.513158 0.041866 0.135167
29 0.697368 0.516148 0.043062 0.119617
17 0.528109 0.641746 0.020335 0.169856
2 0.544856 0.651914 0.017943 0.168660
13 0.565191 0.653110 0.022727 0.154306
26 0.586722 0.656698 0.025120 0.173445
10 0.619018 0.666268 0.058612 0.173445
22 0.657894 0.665670 0.062201 0.167464
30 0.696769 0.642942 0.053828 0.126794
6 0.510765 0.621411 0.014354 0.150718
5 0.498205 0.617225 0.020335 0.142344
18 0.482655 0.617225 0.022727 0.142344
3 0.462918 0.629186 0.021531 0.166268
3 0.444975 0.623804 0.028708 0.153110
23 0.352437 0.632122 0.081557 0.158764
31 0.315464 0.583188 0.046759 0.091344